# N = 6, theta = 1.07, theta_k = 0.79, max_trotter_steps = 20
#  TIME || S_z impurity expectation value
0.000000000000000000e+00 -7.476991141827955545e-01
1.000000000000000000e+00 -7.476991141827955545e-01
2.000000000000000000e+00 -5.300081732711867666e-01
3.000000000000000000e+00 -7.666226673826270765e-01
4.000000000000000000e+00 -7.584978242889878208e-01
5.000000000000000000e+00 -5.903916066121385198e-01
6.000000000000000000e+00 -7.747122426181772825e-01
7.000000000000000000e+00 -7.005694816364652633e-01
8.000000000000000000e+00 -5.985017784734747437e-01
9.000000000000000000e+00 -6.459064694445918464e-01
1.000000000000000000e+01 -6.673539806074451075e-01
1.100000000000000000e+01 -6.112549434420692096e-01
1.200000000000000000e+01 -5.245340945414466161e-01
1.300000000000000000e+01 -5.487927851943227298e-01
1.400000000000000000e+01 -5.230077225135307817e-01
1.500000000000000000e+01 -4.774284858544243226e-01
1.600000000000000000e+01 -5.433777849203447197e-01
1.700000000000000000e+01 -5.305924941844680776e-01
1.800000000000000000e+01 -4.889072759649976119e-01
1.900000000000000000e+01 -4.464501702573826503e-01
