# N = 6, theta = 1.0471975511965976, theta_k = 0.7853981633974483, t = 100
#  TIME || H(t) expectation value
0.000000000000000000e+00 0.000000000000000000e+00
1.000000000000000000e+00 -9.203884727313697833e-03
2.000000000000000000e+00 8.304186618846978729e-02
3.000000000000000000e+00 6.263006111152461530e-01
4.000000000000000000e+00 -1.847716452960171951e-01
5.000000000000000000e+00 3.304560863620470967e-01
6.000000000000000000e+00 -7.532131282556991936e-02
7.000000000000000000e+00 -1.438753530572203509e-01
8.000000000000000000e+00 9.102200175358611534e-02
9.000000000000000000e+00 -5.041433911919473987e-01
1.000000000000000000e+01 -1.849875174892144300e-02
1.100000000000000000e+01 -4.026393860177565620e-01
1.200000000000000000e+01 -1.287357464390874451e-01
1.300000000000000000e+01 3.664321800020956532e-01
1.400000000000000000e+01 -7.180027910466087182e-02
1.500000000000000000e+01 2.003356056989495648e-01
1.600000000000000000e+01 3.065214519364261592e-01
1.700000000000000000e+01 -8.190055694479544957e-02
1.800000000000000000e+01 -1.470847167345596673e-01
1.900000000000000000e+01 -2.404169235869059451e-01
2.000000000000000000e+01 9.265834700065860019e-02
2.100000000000000000e+01 -1.518152712300060714e-01
2.200000000000000000e+01 -2.380541274593678536e-01
2.300000000000000000e+01 2.786894115537871808e-01
2.400000000000000000e+01 -1.124733553972649819e-01
2.500000000000000000e+01 -1.573494478477700520e-01
2.600000000000000000e+01 1.594099806895777072e-01
2.700000000000000000e+01 -3.674689783025292811e-01
2.800000000000000000e+01 3.522714088902845903e-02
2.900000000000000000e+01 8.057345828398987386e-02
3.000000000000000000e+01 2.354343040143352592e-02
3.100000000000000000e+01 2.976441790081265637e-01
3.200000000000000000e+01 -1.512375241701972017e-01
3.300000000000000000e+01 3.984074030763116170e-01
3.400000000000000000e+01 -9.443036757862245667e-02
3.500000000000000000e+01 -6.205075667139357126e-02
3.600000000000000000e+01 4.251806719085736708e-01
3.700000000000000000e+01 -2.909954399992169538e-01
3.800000000000000000e+01 -3.052048548389134086e-01
3.900000000000000000e+01 3.055312088364023904e-01
4.000000000000000000e+01 -1.074648689025767545e-01
4.100000000000000000e+01 -2.162223678435942209e-01
4.200000000000000000e+01 5.287295031199899797e-02
4.300000000000000000e+01 -1.430191209297046635e-02
4.400000000000000000e+01 7.028253592804716010e-02
4.500000000000000000e+01 -2.465376138432802955e-01
4.600000000000000000e+01 3.208617306418338755e-01
4.700000000000000000e+01 8.111548876718366330e-02
4.800000000000000000e+01 -1.222230539397290705e-01
4.900000000000000000e+01 1.344554661043394911e-02
5.000000000000000000e+01 5.200626564185708428e-02
5.100000000000000000e+01 1.364071847337343102e-01
5.200000000000000000e+01 -8.942543913049294524e-02
5.300000000000000000e+01 -5.164299291636902378e-01
5.400000000000000000e+01 2.725582457722108831e-01
5.500000000000000000e+01 9.670613023014262843e-02
5.600000000000000000e+01 -1.648103820001085018e-01
5.700000000000000000e+01 -1.568718122081542710e-01
5.800000000000000000e+01 5.294329823807563361e-03
5.900000000000000000e+01 -6.179065338799078627e-02
6.000000000000000000e+01 -2.552173738809812575e-01
6.100000000000000000e+01 -3.763970296567607510e-01
6.200000000000000000e+01 3.111258784853096482e-01
6.300000000000000000e+01 -2.864177525960612258e-01
6.400000000000000000e+01 -1.452821585590678422e-01
6.500000000000000000e+01 4.623300109214866227e-01
6.600000000000000000e+01 -1.162549013919255553e-01
6.700000000000000000e+01 7.318877715313483467e-02
6.800000000000000000e+01 5.298561522922502418e-03
6.900000000000000000e+01 1.635809429161567963e-01
7.000000000000000000e+01 -2.085261323635946018e-01
7.100000000000000000e+01 -4.209447857099449242e-01
7.200000000000000000e+01 3.131484360797105043e-02
7.300000000000000000e+01 -2.532021823537533578e-01
7.400000000000000000e+01 -2.597319685599439043e-01
7.500000000000000000e+01 2.892047794343636236e-01
7.600000000000000000e+01 -3.486094047085507297e-01
7.700000000000000000e+01 -1.097416436863790645e-01
7.800000000000000000e+01 2.782291942208665603e-01
7.900000000000000000e+01 -3.890629356230979052e-01
8.000000000000000000e+01 -4.239046135454884179e-01
8.100000000000000000e+01 -8.740244766920635122e-02
8.200000000000000000e+01 5.012102493855506019e-02
8.300000000000000000e+01 -5.858442564046188739e-02
8.400000000000000000e+01 1.965689924367916563e-01
8.500000000000000000e+01 3.594716408031784494e-01
8.600000000000000000e+01 -1.508017265206825774e-01
8.700000000000000000e+01 5.925278944014928523e-02
8.800000000000000000e+01 -4.049103852493415867e-02
8.900000000000000000e+01 -5.538357677490087783e-01
9.000000000000000000e+01 -5.501900275968103493e-01
9.100000000000000000e+01 -6.892671062555423556e-02
9.200000000000000000e+01 1.187390453413678520e-01
9.300000000000000000e+01 -1.128993701763428836e-01
9.400000000000000000e+01 1.201377784400657067e-01
9.500000000000000000e+01 2.723577422765640077e-01
9.600000000000000000e+01 -2.682914016135694649e-02
9.700000000000000000e+01 1.250978833537140789e-01
9.800000000000000000e+01 8.604752727954688082e-03
9.900000000000000000e+01 -1.172438908207994873e-02
