# N = 8, theta = 1.0471975511965976, theta_k = 0.7853981633974483, t = 100
#  TIME || H(t) expectation value
0.000000000000000000e+00 0.000000000000000000e+00
1.000000000000000000e+00 -9.203884727313814060e-03
2.000000000000000000e+00 8.304186618846999546e-02
3.000000000000000000e+00 2.021740241276915040e-01
4.000000000000000000e+00 1.813479482909557128e-01
5.000000000000000000e+00 1.500646019119310504e-01
6.000000000000000000e+00 -2.010397214626533369e-01
7.000000000000000000e+00 -2.114660662550452985e-01
8.000000000000000000e+00 -2.154266341499185000e-01
9.000000000000000000e+00 1.806670112890213786e-01
1.000000000000000000e+01 -1.202732622834934602e-02
1.100000000000000000e+01 -2.586633825478737436e-01
1.200000000000000000e+01 3.192533704138829365e-02
1.300000000000000000e+01 -4.078649675201265201e-02
1.400000000000000000e+01 2.359289660574979131e-01
1.500000000000000000e+01 -6.009730876235916952e-01
1.600000000000000000e+01 -1.314982405304779278e-01
1.700000000000000000e+01 -2.017134665592377196e-01
1.800000000000000000e+01 2.494340695066202263e-01
1.900000000000000000e+01 -1.451113985468613921e-01
2.000000000000000000e+01 2.488920448008436759e-01
2.100000000000000000e+01 3.323029536468424111e-02
2.200000000000000000e+01 -3.861329176904221838e-01
2.300000000000000000e+01 7.544775232785805308e-02
2.400000000000000000e+01 -2.533324625112278183e-01
2.500000000000000000e+01 7.978850599246545272e-02
2.600000000000000000e+01 -3.053105161441508897e-01
2.700000000000000000e+01 1.560941390653685090e-01
2.800000000000000000e+01 -3.276955464339482149e-01
2.900000000000000000e+01 1.814540340798273532e-01
3.000000000000000000e+01 -3.261731800800556358e-01
3.100000000000000000e+01 -8.890753064998252464e-02
3.200000000000000000e+01 5.671976555895952288e-02
3.300000000000000000e+01 -4.396145030634242001e-01
3.400000000000000000e+01 -1.751128587695416072e-01
3.500000000000000000e+01 -5.448582554335699296e-02
3.600000000000000000e+01 3.448258482298463545e-01
3.700000000000000000e+01 -5.825762930868570999e-01
3.800000000000000000e+01 7.139552078363378684e-02
3.900000000000000000e+01 -1.762673755670753073e-01
4.000000000000000000e+01 7.529760901822041275e-02
4.100000000000000000e+01 -1.177682448589527364e-01
4.200000000000000000e+01 -7.549569839594022502e-02
4.300000000000000000e+01 8.918990755999617326e-02
4.400000000000000000e+01 -2.002880629217856645e-01
4.500000000000000000e+01 -3.597927742818207708e-02
4.600000000000000000e+01 -2.386272498096354555e-01
4.700000000000000000e+01 3.209591906435233510e-01
4.800000000000000000e+01 -3.291923716679824308e-01
4.900000000000000000e+01 -2.917130861398194511e-03
5.000000000000000000e+01 -4.850577093334824258e-02
5.100000000000000000e+01 -8.120479690628895630e-02
5.200000000000000000e+01 -1.129778029011278689e-01
5.300000000000000000e+01 -1.679947700061457938e-01
5.400000000000000000e+01 -8.865871252908247291e-02
5.500000000000000000e+01 -2.272051500841862359e-01
5.600000000000000000e+01 1.770443426269991960e-01
5.700000000000000000e+01 -2.633966502106327989e-01
5.800000000000000000e+01 4.271693394310004110e-02
5.900000000000000000e+01 -1.831557388430727629e-01
6.000000000000000000e+01 -1.012776912261455359e-01
6.100000000000000000e+01 7.969120812287223965e-02
6.200000000000000000e+01 2.056282303780846820e-03
6.300000000000000000e+01 -8.480926575948029289e-02
6.400000000000000000e+01 -2.677707830698462521e-01
6.500000000000000000e+01 1.854109882915849772e-02
6.600000000000000000e+01 -1.222857641051289801e-01
6.700000000000000000e+01 1.523963387994152763e-01
6.800000000000000000e+01 -2.083103922803010988e-01
6.900000000000000000e+01 -3.580856948441712290e-02
7.000000000000000000e+01 -1.182523720152464305e-02
7.100000000000000000e+01 -1.775796782938532381e-01
7.200000000000000000e+01 -9.371713313229963760e-02
7.300000000000000000e+01 -1.408139010900589794e-01
7.400000000000000000e+01 -3.698315269398730343e-02
7.500000000000000000e+01 -3.659454049535277309e-01
7.600000000000000000e+01 -8.869189022297413461e-02
7.700000000000000000e+01 -2.018685435593054467e-01
7.800000000000000000e+01 7.280321454918235735e-02
7.900000000000000000e+01 -8.482388703137640207e-02
8.000000000000000000e+01 -1.323782035072470775e-01
8.100000000000000000e+01 -1.710800959851845604e-01
8.200000000000000000e+01 -1.942682645839952926e-01
8.300000000000000000e+01 6.547374973239433738e-02
8.400000000000000000e+01 -1.564441553821255271e-01
8.500000000000000000e+01 -2.528669220917262317e-02
8.600000000000000000e+01 -2.689004111682168352e-01
8.700000000000000000e+01 1.926677572701706795e-02
8.800000000000000000e+01 -5.850319769708593048e-02
8.900000000000000000e+01 -1.508754188336071111e-01
9.000000000000000000e+01 -1.528098089976750729e-01
9.100000000000000000e+01 -9.366740714146110092e-02
9.200000000000000000e+01 -7.653078898349341408e-02
9.300000000000000000e+01 -3.143377236818664655e-01
9.400000000000000000e+01 2.646485351688169022e-02
9.500000000000000000e+01 -1.690416164068433424e-01
9.600000000000000000e+01 -7.800891854555684624e-02
9.700000000000000000e+01 -1.170016336209254160e-01
9.800000000000000000e+01 -1.656673571461695638e-01
9.900000000000000000e+01 -7.369716048083860271e-02
