# N = 2, theta = 1.07, theta_k = 0.79
#  EIGVALS|| EIGVECS
-1.357401038179795461e-01 0.000000000000000000e+00 -4.101405621581605265e-01 -8.326672684688674053e-17 -3.031871992521727177e-02 7.948487441034251394e-03 -8.776599767175546560e-03 -7.948487441034280884e-03 -4.956205473271448059e-03 1.142676635622538999e-04 4.351034521993679010e-04 -1.142676635622512707e-04 4.071319487015682341e-04 -1.460363542112467280e-04 1.824300581267865600e-04 1.460363542113683483e-04
-4.101405621581605265e-01 8.326672684688674053e-17 8.167668145459948403e-02 0.000000000000000000e+00 -2.580724553470504709e-02 -7.948487441034369355e-03 2.283055681696057222e-03 7.948487441034267006e-03 -2.089361462920416926e-03 -1.142676635622454431e-04 -6.310476071509061886e-04 1.142676635622530597e-04 3.822968442204545164e-04 1.460363542114017960e-04 -2.754930185796966054e-05 -1.460363542113276908e-04
-3.031871992521727177e-02 -7.948487441034251394e-03 -2.580724553470504709e-02 7.948487441034369355e-03 3.099681496250999459e-03 0.000000000000000000e+00 8.110794472427289943e-04 6.505213034913026604e-19 5.844601815708186376e-03 -3.075018158079792854e-04 5.290540665455422363e-05 3.075018158079597156e-04 -5.460523734171461585e-04 5.075782582898306699e-07 -2.229960083923075373e-04 -5.075782584523390231e-07
-8.776599767175546560e-03 7.948487441034280884e-03 2.283055681696057222e-03 -7.948487441034267006e-03 8.110794472427289943e-04 -6.505213034913026604e-19 -3.586204403240687974e-04 0.000000000000000000e+00 5.571828755898322258e-04 3.075018158079574930e-04 1.251345300714002914e-04 -3.075018158079619924e-04 -1.712430844455594455e-04 -5.075782584279173691e-07 8.226733979288836942e-05 5.075782584161808806e-07
-4.956205473271448059e-03 -1.142676635622538999e-04 -2.089361462920416926e-03 1.142676635622454431e-04 5.844601815708186376e-03 3.075018158079792854e-04 5.571828755898322258e-04 -3.075018158079574930e-04 -3.150883608405909142e-03 0.000000000000000000e+00 -1.802718910859333625e-04 8.267041565201971309e-19 -8.263000156286831079e-05 -5.642387264889245612e-06 -1.390966250897184997e-05 5.642387264869137050e-06
4.351034521993679010e-04 1.142676635622512707e-04 -6.310476071509061886e-04 -1.142676635622530597e-04 5.290540665455422363e-05 -3.075018158079597156e-04 1.251345300714002914e-04 3.075018158079619924e-04 -1.802718910859333625e-04 -8.267041565201971309e-19 8.762917613177233168e-05 0.000000000000000000e+00 -3.202331395205610988e-07 5.642387264873108788e-06 -2.364629990327567052e-06 -5.642387264873517057e-06
4.071319487015682341e-04 1.460363542112467280e-04 3.822968442204545164e-04 -1.460363542114017960e-04 -5.460523734171461585e-04 -5.075782582898306699e-07 -1.712430844455594455e-04 5.075782584279173691e-07 -8.263000156286831079e-05 5.642387264889245612e-06 -3.202331395205610988e-07 -5.642387264873108788e-06 -3.710311448008752703e-06 0.000000000000000000e+00 -1.811228811269701989e-06 -1.206095507551318592e-19
1.824300581267865600e-04 -1.460363542113683483e-04 -2.754930185796966054e-05 1.460363542113276908e-04 -2.229960083923075373e-04 5.075782584523390231e-07 8.226733979288836942e-05 -5.075782584161808806e-07 -1.390966250897184997e-05 -5.642387264869137050e-06 -2.364629990327567052e-06 5.642387264873517057e-06 -1.811228811269701989e-06 1.206095507551318592e-19 7.279387934830232459e-07 0.000000000000000000e+00
