# N = 6, theta = 1.07, theta_k = 0.79, max_trotter_steps = 20
#  TIME || Correlator function_vals
0.000000000000000000e+00 0.000000000000000000e+00 6.162975822039154730e-33 -1.232595164407830946e-32 -1.232595164407830946e-32 7.703719777548943412e-34 1.232595164407830946e-32
1.000000000000000000e+00 0.000000000000000000e+00 -4.380717168853709431e-02 -1.448431943323939264e-01 -4.860455871708194847e-03 -2.397956340591454183e-01 -1.309797664809027350e-04
2.000000000000000000e+00 0.000000000000000000e+00 -1.576005308880868427e-01 -1.368096758038984118e-01 -1.685966381507524592e-01 -8.371082059557438670e-02 -1.187605759415895357e-01
3.000000000000000000e+00 0.000000000000000000e+00 2.334032986520663891e-02 -1.114174417562362601e-01 -8.611997237512698800e-02 -1.335887139841772930e-01 -3.243815452399354676e-02
4.000000000000000000e+00 0.000000000000000000e+00 -2.318904028620938362e-02 -1.345256848692536755e-01 -3.926565765978597133e-02 -1.234933290633909025e-01 -3.719039137220925273e-02
5.000000000000000000e+00 0.000000000000000000e+00 -1.175488114671244255e-01 -2.131057157112366540e-01 -1.623241150394424959e-01 -1.062869247804911210e-01 -3.147669740485285056e-02
6.000000000000000000e+00 0.000000000000000000e+00 -3.196873291814777973e-02 -9.643373725908660488e-02 -1.912887942053910495e-02 -1.298112247300032274e-01 -5.005002208174434697e-02
7.000000000000000000e+00 0.000000000000000000e+00 -7.570767577058569453e-02 -1.100621433105093971e-01 -1.800135168737687363e-01 -9.181080010794274993e-02 -2.282589830172514211e-02
8.000000000000000000e+00 0.000000000000000000e+00 -6.049017293492382763e-02 -2.055688219759712609e-01 -7.366026683099671790e-02 -2.055477394995518237e-01 -8.876919668147568998e-03
9.000000000000000000e+00 0.000000000000000000e+00 -8.024172365736349788e-02 -1.765688017529412346e-01 -1.107300561829797636e-01 -8.305595019027653403e-02 -3.710376475257586015e-02
1.000000000000000000e+01 0.000000000000000000e+00 -3.095369690619521191e-02 -9.811925568903244466e-02 -1.021145154419341866e-01 -1.616459464074404551e-01 -5.367305744511836896e-02
1.100000000000000000e+01 0.000000000000000000e+00 -5.957331620245850251e-02 -1.509184767260762228e-01 -1.327746770412442656e-01 -1.066152728991224818e-01 -6.399658557920569202e-02
1.200000000000000000e+01 0.000000000000000000e+00 -6.856478419486994325e-02 -2.134332018144187160e-01 -1.611496401854058957e-01 -6.011000896600016824e-02 -8.665181260586685141e-02
1.300000000000000000e+01 0.000000000000000000e+00 -1.679016086707183636e-02 -1.942834778628544923e-01 -1.601787399787144572e-01 -1.286965264783421214e-01 -1.173206163099495131e-01
1.400000000000000000e+01 0.000000000000000000e+00 -6.208917199053708147e-02 -1.870199599407287583e-01 -1.546712292629311147e-01 -1.405207322525563463e-01 -7.505678941239671276e-02
1.500000000000000000e+01 0.000000000000000000e+00 -3.405149353617984570e-02 -1.831197323730326398e-01 -1.788778839943735988e-01 -1.394898352905356020e-01 -8.567019971086890784e-02
1.600000000000000000e+01 0.000000000000000000e+00 -7.814608647498985650e-02 -1.224126027639626246e-01 -1.621491716432905406e-01 -8.927506623951633746e-02 -1.097974680545592274e-01
1.700000000000000000e+01 0.000000000000000000e+00 -5.910392394649373327e-02 -1.515502441499711195e-01 -1.060094897479268994e-01 -8.524631091079763745e-02 -1.918088215073471825e-01
1.800000000000000000e+01 0.000000000000000000e+00 1.468075705180545143e-02 -2.349023969097269737e-01 -1.363257728102493516e-01 -1.264448703360890325e-01 -1.446425867778814156e-01
1.900000000000000000e+01 0.000000000000000000e+00 -1.124892435172535898e-01 -1.402209404610927079e-01 -1.658206620873974024e-01 -1.094167760567425346e-01 -9.648056564680668190e-02
