# N = 2, theta = 1.07, theta_k = 0.79, t = 100
#  TIME || Sz expectation value
0.000000000000000000e+00 -1.000000000000000000e+00
1.000000000000000000e+00 -7.476991141827974419e-01
2.000000000000000000e+00 -9.728155321650825416e-01
3.000000000000000000e+00 -8.351742632424034030e-01
4.000000000000000000e+00 -8.661627451001540079e-01
5.000000000000000000e+00 -8.916793172564033698e-01
6.000000000000000000e+00 -8.244728169162806042e-01
7.000000000000000000e+00 -9.814535092717342479e-01
8.000000000000000000e+00 -7.387619420048520125e-01
9.000000000000000000e+00 -9.982348301872719931e-01
1.000000000000000000e+01 -7.567673065355116080e-01
1.100000000000000000e+01 -9.591135434085638067e-01
1.200000000000000000e+01 -8.547662544721859046e-01
1.300000000000000000e+01 -8.486658314508337408e-01
1.400000000000000000e+01 -9.082335016679544681e-01
1.500000000000000000e+01 -8.046554526920068895e-01
1.600000000000000000e+01 -9.908189256759670771e-01
1.700000000000000000e+01 -7.430201654996767546e-01
1.800000000000000000e+01 -9.944060835307509949e-01
1.900000000000000000e+01 -7.628440351251944973e-01
2.000000000000000000e+01 -9.435581736408494846e-01
2.100000000000000000e+01 -8.736586384295927932e-01
2.200000000000000000e+01 -8.274268811528420198e-01
2.300000000000000000e+01 -9.284059431771856108e-01
2.400000000000000000e+01 -7.958043513940290525e-01
2.500000000000000000e+01 -9.956077746665278339e-01
2.600000000000000000e+01 -7.373578424334776837e-01
2.700000000000000000e+01 -9.855995927482572583e-01
2.800000000000000000e+01 -7.826218925730178411e-01
2.900000000000000000e+01 -9.302590396916164961e-01
3.000000000000000000e+01 -8.883102582671692504e-01
3.100000000000000000e+01 -8.041094676112026107e-01
3.200000000000000000e+01 -9.471077433224914799e-01
3.300000000000000000e+01 -7.864423459718627996e-01
3.400000000000000000e+01 -9.974504780501155521e-01
3.500000000000000000e+01 -7.446741777059174838e-01
3.600000000000000000e+01 -9.764673103291833245e-01
3.700000000000000000e+01 -7.929933311867360946e-01
3.800000000000000000e+01 -9.091540697843110141e-01
3.900000000000000000e+01 -9.107443513128997692e-01
4.000000000000000000e+01 -7.911439355863053580e-01
4.100000000000000000e+01 -9.600397738628856370e-01
4.200000000000000000e+01 -7.746058740968883027e-01
4.300000000000000000e+01 -9.971568284654955816e-01
4.400000000000000000e+01 -7.526194250656034201e-01
4.500000000000000000e+01 -9.636932496270737003e-01
4.600000000000000000e+01 -8.117357847959710826e-01
4.700000000000000000e+01 -8.939137826824322675e-01
4.800000000000000000e+01 -9.253213074019016604e-01
4.900000000000000000e+01 -7.681142336630460976e-01
5.000000000000000000e+01 -9.755786880085830504e-01
5.100000000000000000e+01 -7.763331084951908823e-01
5.200000000000000000e+01 -9.938491358255846508e-01
5.300000000000000000e+01 -7.572717273449284248e-01
5.400000000000000000e+01 -9.469345043937531514e-01
5.500000000000000000e+01 -8.326449895913911048e-01
5.600000000000000000e+01 -8.755591610829719373e-01
5.700000000000000000e+01 -9.425372260315859618e-01
5.800000000000000000e+01 -7.560273517854187997e-01
5.900000000000000000e+01 -9.850004300172764404e-01
6.000000000000000000e+01 -7.691164350995337573e-01
6.100000000000000000e+01 -9.859680358903383235e-01
6.200000000000000000e+01 -7.760700624326243302e-01
6.300000000000000000e+01 -9.333525783806218001e-01
6.400000000000000000e+01 -8.471971105395289525e-01
6.500000000000000000e+01 -8.544511929216723756e-01
6.600000000000000000e+01 -9.590616869430335090e-01
6.700000000000000000e+01 -7.446651086719241475e-01
6.800000000000000000e+01 -9.927498289227570938e-01
6.900000000000000000e+01 -7.721195819255265436e-01
7.000000000000000000e+01 -9.779701493955855751e-01
7.100000000000000000e+01 -7.855555986961882953e-01
7.200000000000000000e+01 -9.117209565263956206e-01
7.300000000000000000e+01 -8.719570682506941894e-01
7.400000000000000000e+01 -8.422696816232539962e-01
7.500000000000000000e+01 -9.699618185494323086e-01
7.600000000000000000e+01 -7.292151549476966199e-01
7.700000000000000000e+01 -9.982004359426364104e-01
7.800000000000000000e+01 -7.784691194492233679e-01
7.900000000000000000e+01 -9.656369967766798013e-01
8.000000000000000000e+01 -8.035251263155878121e-01
8.100000000000000000e+01 -8.942000166685735163e-01
8.200000000000000000e+01 -8.889795376789778603e-01
8.300000000000000000e+01 -8.211288021639698842e-01
8.400000000000000000e+01 -9.829619473696018517e-01
8.500000000000000000e+01 -7.291321675885312770e-01
8.600000000000000000e+01 -9.996783931402282164e-01
8.700000000000000000e+01 -7.795778445246480670e-01
8.800000000000000000e+01 -9.498875169974674293e-01
8.900000000000000000e+01 -8.241186422775124143e-01
9.000000000000000000e+01 -8.755711450623665515e-01
9.100000000000000000e+01 -9.080057956769735927e-01
9.200000000000000000e+01 -8.086855195612984160e-01
9.300000000000000000e+01 -9.906858506733051684e-01
9.400000000000000000e+01 -7.195992053909028296e-01
9.500000000000000000e+01 -9.982067729089577623e-01
9.600000000000000000e+01 -7.949899968464100297e-01
9.700000000000000000e+01 -9.367031176807493198e-01
9.800000000000000000e+01 -8.383026864886611307e-01
9.900000000000000000e+01 -8.516838650393585564e-01
