# N = 6, theta = 1.07, theta_k = 0.79, max_trotter_steps = 20
#  TIME || H(t) expectation value
0.000000000000000000e+00 -1.426666666666666394e+01
1.000000000000000000e+00 3.919156434092200825e-01
2.000000000000000000e+00 6.152954512610328663e+00
3.000000000000000000e+00 -7.789747142577220451e+00
4.000000000000000000e+00 -6.580531308519304012e+00
5.000000000000000000e+00 4.227072276271368167e+00
6.000000000000000000e+00 -2.198672012261086717e-01
7.000000000000000000e+00 -7.645893161594039533e+00
8.000000000000000000e+00 2.700377238171609573e-01
9.000000000000000000e+00 1.620689328228875459e+00
1.000000000000000000e+01 -3.481483338761564461e+00
1.100000000000000000e+01 -2.085521422460493213e+00
1.200000000000000000e+01 5.394059527259651432e-01
1.300000000000000000e+01 -3.211890421459803746e-02
1.400000000000000000e+01 -3.508585499180298495e+00
1.500000000000000000e+01 -3.502923277116409828e+00
1.600000000000000000e+01 1.639644440600571240e+00
1.700000000000000000e+01 -2.291979809355597919e-01
1.800000000000000000e+01 -6.897507821887843171e+00
1.900000000000000000e+01 -1.575838559026325081e+00
