# N = 6, theta = 1.07, theta_k = 0.79, max_trotter_steps = 20
#  TIME || S_z impurity expectation value
0.000000000000000000e+00 -9.999999999999998890e-01
1.000000000000000000e+00 -7.476991141827973308e-01
2.000000000000000000e+00 -5.300081732711862115e-01
3.000000000000000000e+00 -7.666226673826247451e-01
4.000000000000000000e+00 -7.584978242889902633e-01
5.000000000000000000e+00 -5.903916066121394080e-01
6.000000000000000000e+00 -7.747122426181787258e-01
7.000000000000000000e+00 -7.005694816364675948e-01
8.000000000000000000e+00 -5.985017784734761870e-01
9.000000000000000000e+00 -6.459064694445967314e-01
1.000000000000000000e+01 -6.673539806074486602e-01
1.100000000000000000e+01 -6.112549434420714300e-01
1.200000000000000000e+01 -5.245340945414508349e-01
1.300000000000000000e+01 -5.487927851943242841e-01
1.400000000000000000e+01 -5.230077225135328911e-01
1.500000000000000000e+01 -4.774284858544253218e-01
1.600000000000000000e+01 -5.433777849203461630e-01
1.700000000000000000e+01 -5.305924941844698539e-01
1.800000000000000000e+01 -4.889072759649991107e-01
1.900000000000000000e+01 -4.464501702573855924e-01
