# N = 6, theta = 0.79, theta_k = 0.52, max_trotter_steps = 100
#  TIME || S_z impurity expectation value
0.000000000000000000e+00 -1.000000000000000000e+00
1.000000000000000000e+00 -8.765550643081944093e-01
2.000000000000000000e+00 -7.683356127748625086e-01
3.000000000000000000e+00 -6.734655880733954048e-01
4.000000000000000000e+00 -6.048188651916981406e-01
5.000000000000000000e+00 -5.610698068291700702e-01
6.000000000000000000e+00 -5.430570345249859932e-01
7.000000000000000000e+00 -4.716361238251466359e-01
8.000000000000000000e+00 -4.302564997137678926e-01
9.000000000000000000e+00 -4.183051804199518497e-01
1.000000000000000000e+01 -5.048764083139354319e-01
1.100000000000000000e+01 -5.678783992635995093e-01
1.200000000000000000e+01 -6.072761441341717470e-01
1.300000000000000000e+01 -7.394908639983684973e-01
1.400000000000000000e+01 -8.219836872434239661e-01
1.500000000000000000e+01 -8.602190682505534980e-01
1.600000000000000000e+01 -8.440414680491662436e-01
1.700000000000000000e+01 -7.589251397070021499e-01
1.800000000000000000e+01 -6.068034284524628230e-01
1.900000000000000000e+01 -6.066259578190842383e-01
2.000000000000000000e+01 -5.880829116315788863e-01
2.100000000000000000e+01 -4.876153794415600262e-01
2.200000000000000000e+01 -4.876153794415600262e-01
2.300000000000000000e+01 -4.335982969260175346e-01
2.400000000000000000e+01 -4.786740934479769005e-01
2.500000000000000000e+01 -4.786740934479769005e-01
2.600000000000000000e+01 -5.795355828770010209e-01
2.700000000000000000e+01 -7.076356009646245226e-01
2.800000000000000000e+01 -7.628865929219192932e-01
2.900000000000000000e+01 -8.196394401041664501e-01
3.000000000000000000e+01 -8.840237280125972097e-01
3.100000000000000000e+01 -8.196394401041664501e-01
3.200000000000000000e+01 -8.030673616758237099e-01
3.300000000000000000e+01 -7.364837564484291166e-01
3.400000000000000000e+01 -6.695149627753833599e-01
3.500000000000000000e+01 -6.110137989774343525e-01
3.600000000000000000e+01 -5.696109036523080427e-01
3.700000000000000000e+01 -5.168090922754129402e-01
3.800000000000000000e+01 -4.709544753183927956e-01
3.900000000000000000e+01 -4.166814454901442422e-01
4.000000000000000000e+01 -4.166814454901442422e-01
4.100000000000000000e+01 -5.661093181645062700e-01
4.200000000000000000e+01 -6.697859114678469394e-01
4.300000000000000000e+01 -7.705703284108191831e-01
4.400000000000000000e+01 -8.187698626158596005e-01
4.500000000000000000e+01 -8.128892116631465381e-01
4.600000000000000000e+01 -8.187698626158596005e-01
4.700000000000000000e+01 -7.904291502144591419e-01
4.800000000000000000e+01 -6.137178508129419452e-01
4.900000000000000000e+01 -6.977175102327169975e-01
5.000000000000000000e+01 -6.137178508129419452e-01
5.100000000000000000e+01 -7.510364007223089278e-01
5.200000000000000000e+01 -5.294953266181794405e-01
5.300000000000000000e+01 -4.166540554231366045e-01
5.400000000000000000e+01 -4.206816294271785162e-01
5.500000000000000000e+01 -4.808758793874728377e-01
5.600000000000000000e+01 -5.489638508839550513e-01
5.700000000000000000e+01 -6.475996479533918659e-01
5.800000000000000000e+01 -7.034409029396545554e-01
5.900000000000000000e+01 -7.034409029396545554e-01
6.000000000000000000e+01 -8.052926410331137097e-01
6.100000000000000000e+01 -8.111734550607037075e-01
6.200000000000000000e+01 -8.111734550607037075e-01
6.300000000000000000e+01 -8.111734550607037075e-01
6.400000000000000000e+01 -7.378355815382146021e-01
6.500000000000000000e+01 -7.378355815382146021e-01
6.600000000000000000e+01 -5.579600020096795454e-01
6.700000000000000000e+01 -8.222584608779208715e-01
6.800000000000000000e+01 -4.854630683702838012e-01
6.900000000000000000e+01 -4.854630683702838012e-01
7.000000000000000000e+01 -4.486757007201973013e-01
7.100000000000000000e+01 -5.556493804056799046e-01
7.200000000000000000e+01 -5.556493804056799046e-01
7.300000000000000000e+01 -6.558689097404981627e-01
7.400000000000000000e+01 -8.374775112707499858e-01
7.500000000000000000e+01 -6.558689097404981627e-01
7.600000000000000000e+01 -6.558689097404981627e-01
7.700000000000000000e+01 -8.374775112707499858e-01
7.800000000000000000e+01 -7.968719458996013083e-01
7.900000000000000000e+01 -7.968719458996013083e-01
8.000000000000000000e+01 -6.312997582067749747e-01
8.100000000000000000e+01 -6.312997582067749747e-01
8.200000000000000000e+01 -5.047344814947298808e-01
8.300000000000000000e+01 -5.047344814947298808e-01
8.400000000000000000e+01 -4.753712118771774575e-01
8.500000000000000000e+01 -4.753712118771774575e-01
8.600000000000000000e+01 -4.886430758924805717e-01
8.700000000000000000e+01 -5.134793258376475489e-01
8.800000000000000000e+01 -7.233962165978218284e-01
8.900000000000000000e+01 -5.736971466031678402e-01
9.000000000000000000e+01 -8.316839944892918668e-01
9.100000000000000000e+01 -8.316839944892918668e-01
9.200000000000000000e+01 -7.153025184326894381e-01
9.300000000000000000e+01 -7.153025184326894381e-01
9.400000000000000000e+01 -7.153025184326894381e-01
9.500000000000000000e+01 -7.153025184326894381e-01
9.600000000000000000e+01 -6.581749900184251656e-01
9.700000000000000000e+01 -6.581749900184251656e-01
9.800000000000000000e+01 -5.084627512660113702e-01
9.900000000000000000e+01 -5.505087243848090228e-01
