# N = 6, theta = 0.79, theta_k = 0.79, max_trotter_steps = 100
#  TIME || CONCURRENCE || VON NEUMANN ENTROPY
0.000000000000000000e+00 0.000000000000000000e+00 0.000000000000000000e+00
1.000000000000000000e+00 6.640376756256091140e-01 3.790027852515567841e-01
2.000000000000000000e+00 8.291382761515202482e-01 5.275125527667212655e-01
3.000000000000000000e+00 9.084545106208647969e-01 6.030518823325516919e-01
4.000000000000000000e+00 9.314222183774246711e-01 6.253754282605255010e-01
5.000000000000000000e+00 9.356492747774506347e-01 6.295049387390285744e-01
6.000000000000000000e+00 9.221879248615709734e-01 6.163768159744843489e-01
7.000000000000000000e+00 8.857612797886099676e-01 5.811885340832115832e-01
8.000000000000000000e+00 8.480648645832682408e-01 5.453111452149457250e-01
9.000000000000000000e+00 7.909594884321312636e-01 4.920649133342679393e-01
1.000000000000000000e+01 7.244928343492841316e-01 4.318929953536853050e-01
1.100000000000000000e+01 7.740811578202153598e-01 4.765949347519811141e-01
1.200000000000000000e+01 8.948592290203127853e-01 5.899303248122707011e-01
1.300000000000000000e+01 8.410381376170539269e-01 5.386861145325139155e-01
1.400000000000000000e+01 8.286940253446942739e-01 5.270965468285734312e-01
1.500000000000000000e+01 8.281383652697500430e-01 5.265763300621950638e-01
1.600000000000000000e+01 8.978898472475154158e-01 5.928493033800632528e-01
1.700000000000000000e+01 9.253253300753102595e-01 6.194306565372018625e-01
1.800000000000000000e+01 9.184412471846603587e-01 6.127346633186764313e-01
1.900000000000000000e+01 8.805602485354517839e-01 5.762053780833440442e-01
2.000000000000000000e+01 8.094012644129512379e-01 5.091100116415433474e-01
2.100000000000000000e+01 7.320064169920581509e-01 4.385923399709898973e-01
2.200000000000000000e+01 7.570881890384925095e-01 4.611485887319831667e-01
2.300000000000000000e+01 7.544717819285279292e-01 4.587819872481239125e-01
2.400000000000000000e+01 7.120613128125765634e-01 4.208683588254047980e-01
2.500000000000000000e+01 8.370887763769350176e-01 5.349713521739996036e-01
2.600000000000000000e+01 9.205484227239676409e-01 6.147824176047478328e-01
2.700000000000000000e+01 9.795724875644760132e-01 6.727897890524434654e-01
2.800000000000000000e+01 9.426129881436292601e-01 6.363219921861467121e-01
2.900000000000000000e+01 8.810855228310610077e-01 5.767081741512236626e-01
3.000000000000000000e+01 7.931580251218910416e-01 4.940892217466497094e-01
3.100000000000000000e+01 6.979398165480236171e-01 4.084368153942343205e-01
3.200000000000000000e+01 6.640297361277089916e-01 3.789959617704619643e-01
3.300000000000000000e+01 7.332294073443454963e-01 4.396853421414557150e-01
3.400000000000000000e+01 7.332294073443454963e-01 4.396853421414557150e-01
3.500000000000000000e+01 8.292401258490987859e-01 5.276079385229091034e-01
3.600000000000000000e+01 9.224208305619406856e-01 6.166033943296922448e-01
3.700000000000000000e+01 9.413160492870070728e-01 6.350510491107346223e-01
3.800000000000000000e+01 7.998528169502036045e-01 5.002664021880924849e-01
3.900000000000000000e+01 7.998528169502036045e-01 5.002664021880924849e-01
4.000000000000000000e+01 8.202907326200032934e-01 5.192429928540586159e-01
4.100000000000000000e+01 8.202907326200032934e-01 5.192429928540586159e-01
4.200000000000000000e+01 8.055724362358838153e-01 5.055591263798477897e-01
4.300000000000000000e+01 7.627023542619687513e-01 4.662373018055449014e-01
4.400000000000000000e+01 7.447625015746366373e-01 4.500273252951161318e-01
4.500000000000000000e+01 7.879232089935938044e-01 4.892727229098264297e-01
4.600000000000000000e+01 8.610651421054369425e-01 5.576206850895235601e-01
4.700000000000000000e+01 9.017945873968091774e-01 5.966153256546159467e-01
4.800000000000000000e+01 9.165822081639968255e-01 6.109294070423758605e-01
4.900000000000000000e+01 9.205481041625241945e-01 6.147821079030916236e-01
5.000000000000000000e+01 9.288373257961043405e-01 6.228533764540700179e-01
5.100000000000000000e+01 9.176989697005222268e-01 6.120137072716022031e-01
5.200000000000000000e+01 7.554461265063956432e-01 4.596629375032409426e-01
5.300000000000000000e+01 7.554461265063956432e-01 4.596629375032409426e-01
5.400000000000000000e+01 7.554461265063956432e-01 4.596629375032409426e-01
5.500000000000000000e+01 8.022445016600983081e-01 5.024778686506029546e-01
5.600000000000000000e+01 8.022445016600983081e-01 5.024778686506029546e-01
5.700000000000000000e+01 7.174276948444229252e-01 4.256182293422310359e-01
5.800000000000000000e+01 8.936498665436397593e-01 5.887664851710129321e-01
5.900000000000000000e+01 9.043060794017325765e-01 5.990406311698869279e-01
6.000000000000000000e+01 9.282024073788244234e-01 6.222342649620254962e-01
6.100000000000000000e+01 9.151517374770911095e-01 6.095411895988578355e-01
6.200000000000000000e+01 8.713937703818699365e-01 5.674484195128478570e-01
6.300000000000000000e+01 7.400340694717206791e-01 4.457796731671638812e-01
6.400000000000000000e+01 8.713937703818699365e-01 5.674484195128478570e-01
6.500000000000000000e+01 7.288823808892330725e-01 4.358035776117744620e-01
6.600000000000000000e+01 8.070962314195624376e-01 5.069715562939342002e-01
6.700000000000000000e+01 8.620315522994299595e-01 5.585384413006286852e-01
6.800000000000000000e+01 8.620315522994299595e-01 5.585384413006286852e-01
6.900000000000000000e+01 8.620315522994299595e-01 5.585384413006286852e-01
7.000000000000000000e+01 9.052281156632641101e-01 5.999316205492311038e-01
7.100000000000000000e+01 8.761500308142764482e-01 5.719881072465617944e-01
7.200000000000000000e+01 8.761500308142764482e-01 5.719881072465617944e-01
7.300000000000000000e+01 8.761500308142764482e-01 5.719881072465617944e-01
7.400000000000000000e+01 8.761500308142764482e-01 5.719881072465617944e-01
7.500000000000000000e+01 8.382817142776265440e-01 5.360927550574037248e-01
7.600000000000000000e+01 7.975308038081461159e-01 4.981217178114270006e-01
7.700000000000000000e+01 7.708690197802745558e-01 4.736651586224053245e-01
7.800000000000000000e+01 7.769285517757061887e-01 4.791958878481851203e-01
7.900000000000000000e+01 9.086721065179348411e-01 6.032624604162302173e-01
8.000000000000000000e+01 9.086721065179348411e-01 6.032624604162302173e-01
8.100000000000000000e+01 9.772961351283160347e-01 6.705300151266885278e-01
8.200000000000000000e+01 9.772961351283160347e-01 6.705300151266885278e-01
8.300000000000000000e+01 9.145282274219451724e-01 6.089363337276403332e-01
8.400000000000000000e+01 7.644844302554182347e-01 4.678555866629551807e-01
8.500000000000000000e+01 7.644844302554182347e-01 4.678555866629551807e-01
8.600000000000000000e+01 8.359443642979594857e-01 5.338961135063917673e-01
8.700000000000000000e+01 6.885005259384338050e-01 4.001825884121635868e-01
8.800000000000000000e+01 8.518647370637774108e-01 5.489021120360791928e-01
8.900000000000000000e+01 8.518647370637774108e-01 5.489021120360791928e-01
9.000000000000000000e+01 9.302008825611997045e-01 6.241834816514586493e-01
9.100000000000000000e+01 9.302008825611997045e-01 6.241834816514586493e-01
9.200000000000000000e+01 7.610027067331203154e-01 4.646952139948342664e-01
9.300000000000000000e+01 8.704985147292506609e-01 5.665949178266680430e-01
9.400000000000000000e+01 8.701751576670939681e-01 5.662867191050282578e-01
9.500000000000000000e+01 8.704985147292506609e-01 5.665949178266680430e-01
9.600000000000000000e+01 8.280221856982485917e-01 5.264675773058450359e-01
9.700000000000000000e+01 8.704985147292506609e-01 5.665949178266680430e-01
9.800000000000000000e+01 7.460312806508522243e-01 4.511688739390057323e-01
9.900000000000000000e+01 7.688722054385728200e-01 4.718462083913772531e-01
