# N = 10, theta = 0.79, theta_k = 0.52, max_trotter_steps = 100
#  TIME || H(t) expectation value
0.000000000000000000e+00 -1.840675465601902161e+01
1.000000000000000000e+00 -8.933869865297001667e+00
2.000000000000000000e+00 -7.756890631475655162e+00
3.000000000000000000e+00 -7.587982789797450778e+00
4.000000000000000000e+00 -8.530990040328122248e+00
5.000000000000000000e+00 -1.674373110540760479e+01
6.000000000000000000e+00 -7.689344659986019792e+00
7.000000000000000000e+00 -7.689344659986019792e+00
8.000000000000000000e+00 -7.322311057401726053e+00
9.000000000000000000e+00 -8.102273511853788079e+00
1.000000000000000000e+01 -9.258328103661861874e+00
1.100000000000000000e+01 -9.258328103661861874e+00
1.200000000000000000e+01 -7.976612666561599951e+00
1.300000000000000000e+01 -7.482270954232920879e+00
1.400000000000000000e+01 -8.252225518427890094e+00
1.500000000000000000e+01 -1.694290457803673178e+01
1.600000000000000000e+01 -1.694290457803673178e+01
1.700000000000000000e+01 -7.988123609753617238e+00
1.800000000000000000e+01 -7.214000739862266975e+00
1.900000000000000000e+01 -7.515630279006617620e+00
2.000000000000000000e+01 -1.599946832112836326e+01
2.100000000000000000e+01 -9.172820818752242644e+00
2.200000000000000000e+01 -7.855243615461653839e+00
2.300000000000000000e+01 -7.173652885162691284e+00
2.400000000000000000e+01 -7.567167224823996285e+00
2.500000000000000000e+01 -1.655928201808452371e+01
2.600000000000000000e+01 -9.575616187631908360e+00
2.700000000000000000e+01 -8.222225905443419691e+00
2.800000000000000000e+01 -7.341719583904517954e+00
2.900000000000000000e+01 -7.389451721638574000e+00
3.000000000000000000e+01 -1.544183970374426806e+01
3.100000000000000000e+01 -6.814762148361197980e+00
3.200000000000000000e+01 -6.814762148361197980e+00
3.300000000000000000e+01 -6.939030450500767166e+00
3.400000000000000000e+01 -6.814762148361197980e+00
3.500000000000000000e+01 -7.913876249077209657e+00
3.600000000000000000e+01 -9.579372121210141700e+00
3.700000000000000000e+01 -8.180683356085143743e+00
3.800000000000000000e+01 -9.579372121210141700e+00
3.900000000000000000e+01 -7.077550026379531012e+00
4.000000000000000000e+01 -8.304272415667240281e+00
4.100000000000000000e+01 -9.808290881002724504e+00
4.200000000000000000e+01 -8.304272415667240281e+00
4.300000000000000000e+01 -1.470465625530536791e+01
4.400000000000000000e+01 -6.431784147248074568e+00
4.500000000000000000e+01 -1.470465625530536791e+01
4.600000000000000000e+01 -9.549501147826306990e+00
4.700000000000000000e+01 -9.549501147826306990e+00
4.800000000000000000e+01 -9.549501147826306990e+00
4.900000000000000000e+01 -6.808142730377218399e+00
5.000000000000000000e+01 -6.238000698784733622e+00
5.100000000000000000e+01 -9.870934353000613726e+00
5.200000000000000000e+01 -8.522912522720710982e+00
5.300000000000000000e+01 -1.470919524684452107e+01
5.400000000000000000e+01 -6.238000698784733622e+00
5.500000000000000000e+01 -7.097100518857319962e+00
5.600000000000000000e+01 -9.683950873231260914e+00
5.700000000000000000e+01 -8.305477959246465147e+00
5.800000000000000000e+01 -6.721343527899879433e+00
5.900000000000000000e+01 -6.721343527899879433e+00
6.000000000000000000e+01 -8.333869345798458284e+00
6.100000000000000000e+01 -1.348567444644321434e+01
6.200000000000000000e+01 -8.333869345798458284e+00
6.300000000000000000e+01 -6.947050950923496337e+00
6.400000000000000000e+01 -5.904236861835271633e+00
6.500000000000000000e+01 -5.904236861835271633e+00
6.600000000000000000e+01 -9.698950419896400277e+00
6.700000000000000000e+01 -9.698950419896400277e+00
6.800000000000000000e+01 -8.474980812380271900e+00
6.900000000000000000e+01 -6.752673714018061268e+00
7.000000000000000000e+01 -6.752673714018061268e+00
7.100000000000000000e+01 -6.752673714018061268e+00
7.200000000000000000e+01 -9.316180948129366257e+00
7.300000000000000000e+01 -6.752673714018061268e+00
7.400000000000000000e+01 -5.543856197596041646e+00
7.500000000000000000e+01 -9.423320357287796156e+00
7.600000000000000000e+01 -1.263652834360238053e+01
7.700000000000000000e+01 -7.025505960252302451e+00
7.800000000000000000e+01 -7.025505960252302451e+00
7.900000000000000000e+01 -5.543856197596041646e+00
8.000000000000000000e+01 -5.543856197596041646e+00
8.100000000000000000e+01 -8.255344278625420529e+00
8.200000000000000000e+01 -8.255344278625420529e+00
8.300000000000000000e+01 -9.378492584424375167e+00
8.400000000000000000e+01 -9.378492584424375167e+00
8.500000000000000000e+01 -8.255344278625420529e+00
8.600000000000000000e+01 -9.378492584424375167e+00
8.700000000000000000e+01 -5.400011349491613544e+00
8.800000000000000000e+01 -5.400011349491613544e+00
8.900000000000000000e+01 -5.383308609079166196e+00
9.000000000000000000e+01 -1.170415647769017120e+01
9.100000000000000000e+01 -8.424120967881455257e+00
9.200000000000000000e+01 -8.424120967881455257e+00
9.300000000000000000e+01 -8.424120967881455257e+00
9.400000000000000000e+01 -1.105105779884264194e+01
9.500000000000000000e+01 -9.047659754201601956e+00
9.600000000000000000e+01 -9.047659754201601956e+00
9.700000000000000000e+01 -1.105105779884264194e+01
9.800000000000000000e+01 -5.388579227006630390e+00
9.900000000000000000e+01 -1.105105779884264194e+01
