# N = 10, theta = 1.07, theta_k = 0.79, max_trotter_steps = 100
#  TIME || CONCURRENCE
0.000000000000000000e+00 3.291774099226969825e-07
1.000000000000000000e+00 6.640376756255980117e-01
2.000000000000000000e+00 8.433766001069745721e-01
3.000000000000000000e+00 7.051762189788188806e-01
4.000000000000000000e+00 6.964194910372766278e-01
5.000000000000000000e+00 6.666218642240585579e-01
6.000000000000000000e+00 7.131255469727572072e-01
7.000000000000000000e+00 7.131255469727572072e-01
8.000000000000000000e+00 7.913335962083489772e-01
9.000000000000000000e+00 7.913335962083489772e-01
1.000000000000000000e+01 8.142295566330740586e-01
1.100000000000000000e+01 7.772351297316811847e-01
1.200000000000000000e+01 6.365724824615256461e-01
1.300000000000000000e+01 8.970329609026234108e-01
1.400000000000000000e+01 8.970329609026234108e-01
1.500000000000000000e+01 7.833840912340050977e-01
1.600000000000000000e+01 6.365724824615256461e-01
1.700000000000000000e+01 8.091760700014004604e-01
1.800000000000000000e+01 8.573333673937926225e-01
1.900000000000000000e+01 8.894833997700846151e-01
2.000000000000000000e+01 8.894833997700846151e-01
2.100000000000000000e+01 8.573333673937926225e-01
2.200000000000000000e+01 8.573333673937926225e-01
2.300000000000000000e+01 8.647956543534247587e-01
2.400000000000000000e+01 8.488114264391135588e-01
2.500000000000000000e+01 8.488114264391135588e-01
2.600000000000000000e+01 9.330658023423061831e-01
2.700000000000000000e+01 9.069038539367558771e-01
2.800000000000000000e+01 8.902149631140441333e-01
2.900000000000000000e+01 8.903544684364531614e-01
3.000000000000000000e+01 8.761291580400656365e-01
3.100000000000000000e+01 8.761291580400656365e-01
3.200000000000000000e+01 9.051155227717612162e-01
3.300000000000000000e+01 9.353788635690938325e-01
3.400000000000000000e+01 9.240704470522342895e-01
3.500000000000000000e+01 9.240704470522342895e-01
3.600000000000000000e+01 8.985773706833202201e-01
3.700000000000000000e+01 9.132950376618698130e-01
3.800000000000000000e+01 9.507764422044482355e-01
3.900000000000000000e+01 9.507764422044482355e-01
4.000000000000000000e+01 9.407242807222170322e-01
4.100000000000000000e+01 9.407242807222170322e-01
4.200000000000000000e+01 9.104666403569756650e-01
4.300000000000000000e+01 9.218102834421983971e-01
4.400000000000000000e+01 9.218102834421983971e-01
4.500000000000000000e+01 9.218102834421983971e-01
4.600000000000000000e+01 9.005861592451444020e-01
4.700000000000000000e+01 9.078547304511650484e-01
4.800000000000000000e+01 9.284411916383857877e-01
4.900000000000000000e+01 9.342357660198666869e-01
5.000000000000000000e+01 9.368675900548010249e-01
5.100000000000000000e+01 9.342357660198666869e-01
5.200000000000000000e+01 9.035557938853927551e-01
5.300000000000000000e+01 9.035557938853927551e-01
5.400000000000000000e+01 9.105855651068947010e-01
5.500000000000000000e+01 9.105855651068947010e-01
5.600000000000000000e+01 9.105855651068947010e-01
5.700000000000000000e+01 9.346539902033544900e-01
5.800000000000000000e+01 9.372302042712500336e-01
5.900000000000000000e+01 8.951038334957190923e-01
6.000000000000000000e+01 9.218767844784102605e-01
6.100000000000000000e+01 9.218767844784102605e-01
6.200000000000000000e+01 9.066883380485188937e-01
6.300000000000000000e+01 9.318355692498209164e-01
6.400000000000000000e+01 9.066883380485188937e-01
6.500000000000000000e+01 9.203300669246003984e-01
6.600000000000000000e+01 9.203300669246003984e-01
6.700000000000000000e+01 9.203300669246003984e-01
6.800000000000000000e+01 8.892731463210531428e-01
6.900000000000000000e+01 9.213499795351957067e-01
7.000000000000000000e+01 9.213499795351957067e-01
7.100000000000000000e+01 9.183267399373716833e-01
7.200000000000000000e+01 9.213499795351957067e-01
7.300000000000000000e+01 8.949896617054806658e-01
7.400000000000000000e+01 9.183267399373716833e-01
7.500000000000000000e+01 9.134311634993411699e-01
7.600000000000000000e+01 9.134311634993411699e-01
7.700000000000000000e+01 9.134311634993411699e-01
7.800000000000000000e+01 9.134311634993411699e-01
7.900000000000000000e+01 9.134311634993411699e-01
8.000000000000000000e+01 9.259522095226979665e-01
8.100000000000000000e+01 9.259522095226979665e-01
8.200000000000000000e+01 9.154612756828190978e-01
8.300000000000000000e+01 9.154612756828190978e-01
8.400000000000000000e+01 9.209322062440031820e-01
8.500000000000000000e+01 9.154612756828190978e-01
8.600000000000000000e+01 9.154612756828190978e-01
8.700000000000000000e+01 9.202443310207454319e-01
8.800000000000000000e+01 9.234943492671944254e-01
8.900000000000000000e+01 9.200345653509931498e-01
9.000000000000000000e+01 9.294463800298072842e-01
9.100000000000000000e+01 9.234943492671944254e-01
9.200000000000000000e+01 9.125858582525490093e-01
9.300000000000000000e+01 9.166614396960525157e-01
9.400000000000000000e+01 9.166614396960525157e-01
9.500000000000000000e+01 9.110916407812935658e-01
9.600000000000000000e+01 9.202704848887859335e-01
9.700000000000000000e+01 9.169361034703713553e-01
9.800000000000000000e+01 9.169361034703713553e-01
9.900000000000000000e+01 9.202704848887859335e-01
