# N = 10, theta = 0.79, theta_k = 0.79, max_trotter_steps = 100
#  TIME || H(t) expectation value
0.000000000000000000e+00 0.000000000000000000e+00
1.000000000000000000e+00 -7.216302504716640680e-10
2.000000000000000000e+00 5.305436104763353710e-09
3.000000000000000000e+00 3.490180603785230247e-08
4.000000000000000000e+00 1.096165365086717456e-07
5.000000000000000000e+00 -8.121561776105160058e-02
6.000000000000000000e+00 -1.610341273098725434e-01
7.000000000000000000e+00 -8.719325965623349328e-02
8.000000000000000000e+00 -4.810700524205346884e-02
9.000000000000000000e+00 -2.867798758293412659e-02
1.000000000000000000e+01 5.885229222164959501e-02
1.100000000000000000e+01 2.545334640103208076e-02
1.200000000000000000e+01 2.545334640103208076e-02
1.300000000000000000e+01 -1.314175485666236043e-01
1.400000000000000000e+01 -1.314175485666236043e-01
1.500000000000000000e+01 -1.314175485666236043e-01
1.600000000000000000e+01 -1.314175485666236043e-01
1.700000000000000000e+01 -5.862095628551902693e-02
1.800000000000000000e+01 -5.862095628551902693e-02
1.900000000000000000e+01 -2.296752001914872249e-02
2.000000000000000000e+01 3.503491690239256273e-02
2.100000000000000000e+01 4.260020618504346129e-02
2.200000000000000000e+01 4.260020618504346129e-02
2.300000000000000000e+01 8.739614559558060713e-02
2.400000000000000000e+01 1.801971007538417588e-02
2.500000000000000000e+01 1.403941459132543867e-01
2.600000000000000000e+01 5.419559283844748582e-02
2.700000000000000000e+01 5.419559283844748582e-02
2.800000000000000000e+01 7.601857271457533594e-02
2.900000000000000000e+01 -3.160068986217291678e-03
3.000000000000000000e+01 4.588398007302692261e-02
3.100000000000000000e+01 4.588398007302692261e-02
3.200000000000000000e+01 2.640864384587900821e-02
3.300000000000000000e+01 2.640864384587900821e-02
3.400000000000000000e+01 2.640864384587900821e-02
3.500000000000000000e+01 2.129547834086954056e-02
3.600000000000000000e+01 -2.266222873792664988e-02
3.700000000000000000e+01 2.504215137062177354e-01
3.800000000000000000e+01 1.785941806809368815e-01
3.900000000000000000e+01 1.004200627356544168e-01
4.000000000000000000e+01 1.004200627356544168e-01
4.100000000000000000e+01 5.591059836280206502e-02
4.200000000000000000e+01 1.344057896008227504e-01
4.300000000000000000e+01 1.344057896008227504e-01
4.400000000000000000e+01 3.467514939295127802e-02
4.500000000000000000e+01 2.110742413505734549e-01
4.600000000000000000e+01 1.646841220170796455e-02
4.700000000000000000e+01 1.451821865332182659e-01
4.800000000000000000e+01 1.352355885895054899e-01
4.900000000000000000e+01 1.646841220170796455e-02
5.000000000000000000e+01 1.451821865332182659e-01
5.100000000000000000e+01 1.451821865332182659e-01
5.200000000000000000e+01 2.498890095578887652e-02
5.300000000000000000e+01 1.946558735742628665e-01
5.400000000000000000e+01 -8.011198533088858403e-03
5.500000000000000000e+01 -8.011198533088858403e-03
5.600000000000000000e+01 -8.011198533088858403e-03
5.700000000000000000e+01 -8.011198533088858403e-03
5.800000000000000000e+01 -8.264042825950298696e-03
5.900000000000000000e+01 -8.264042825950298696e-03
6.000000000000000000e+01 -8.264042825950298696e-03
6.100000000000000000e+01 5.225424597748994093e-02
6.200000000000000000e+01 -8.264042825950298696e-03
6.300000000000000000e+01 3.636831920548331404e-02
6.400000000000000000e+01 3.636831920548331404e-02
6.500000000000000000e+01 1.106189213478501188e-01
6.600000000000000000e+01 -4.510648723639486962e-02
6.700000000000000000e+01 1.106189213478501188e-01
6.800000000000000000e+01 -4.510648723639486962e-02
6.900000000000000000e+01 5.832260650132071317e-02
7.000000000000000000e+01 -1.024565480145524649e-01
7.100000000000000000e+01 -1.024565480145524649e-01
7.200000000000000000e+01 5.832260650132071317e-02
7.300000000000000000e+01 -2.419233975822304358e-02
7.400000000000000000e+01 -6.534102666056532116e-02
7.500000000000000000e+01 -6.534102666056532116e-02
7.600000000000000000e+01 -8.777285653144336480e-03
7.700000000000000000e+01 2.578253255273781352e-01
7.800000000000000000e+01 3.637070624209491621e-02
7.900000000000000000e+01 3.637070624209491621e-02
8.000000000000000000e+01 2.456737496036275892e-01
8.100000000000000000e+01 -3.437869483692155420e-03
8.200000000000000000e+01 2.456737496036275892e-01
8.300000000000000000e+01 5.777192417701499695e-03
8.400000000000000000e+01 -3.437869483692155420e-03
8.500000000000000000e+01 2.365830644713507458e-01
8.600000000000000000e+01 -7.618990021590960060e-02
8.700000000000000000e+01 -7.242733045337944320e-02
8.800000000000000000e+01 -1.066309711947955319e-01
8.900000000000000000e+01 -1.056602416907024833e-01
9.000000000000000000e+01 -4.062514773136038232e-02
9.100000000000000000e+01 -4.062514773136038232e-02
9.200000000000000000e+01 -4.062514773136038232e-02
9.300000000000000000e+01 4.044456536926551576e-02
9.400000000000000000e+01 -1.056602416907024833e-01
9.500000000000000000e+01 -1.056602416907024833e-01
9.600000000000000000e+01 1.727497859916873532e-02
9.700000000000000000e+01 -3.670832431963192560e-02
9.800000000000000000e+01 1.727497859916873532e-02
9.900000000000000000e+01 -8.384690962187037189e-02
