# N = 10, theta = 1.07, theta_k = 0.79, max_trotter_steps = 25
#  TIME || H(t) expectation value
0.000000000000000000e+00 -2.493066769865867371e+01
1.000000000000000000e+00 1.111347666185033223e+00
2.000000000000000000e+00 9.411193976542274742e-01
3.000000000000000000e+00 -3.638720176962400910e+00
4.000000000000000000e+00 -2.901338695415518476e+00
5.000000000000000000e+00 -2.901338695415518476e+00
6.000000000000000000e+00 3.038949378717052063e+00
7.000000000000000000e+00 3.038949378717052063e+00
8.000000000000000000e+00 -9.399578271316270772e+00
9.000000000000000000e+00 -9.399578271316270772e+00
1.000000000000000000e+01 -6.165949923039649505e+00
1.100000000000000000e+01 -8.890947116207380319e+00
1.200000000000000000e+01 -8.890947116207380319e+00
1.300000000000000000e+01 -1.385016944295017183e+01
1.400000000000000000e+01 -1.385016944295017183e+01
1.500000000000000000e+01 -2.030809273550060023e+00
1.600000000000000000e+01 -1.385016944295017183e+01
1.700000000000000000e+01 -1.297262404155027804e+00
1.800000000000000000e+01 -1.142949016597541778e+01
1.900000000000000000e+01 -2.833653263427734714e+00
2.000000000000000000e+01 -8.284025421846884285e+00
2.100000000000000000e+01 2.680831520594782358e+00
2.200000000000000000e+01 -4.880713934581592639e+00
2.300000000000000000e+01 -5.870858186879100771e+00
2.400000000000000000e+01 -1.092391654023005110e+01
