# N = 10, theta = 1.07, theta_k = 0.79, max_trotter_steps = 25
#  TIME || S_z impurity expectation value
0.000000000000000000e+00 -9.999999999999453770e-01
1.000000000000000000e+00 -7.476991141828045473e-01
2.000000000000000000e+00 -5.373229107268747695e-01
3.000000000000000000e+00 -7.090320868527294484e-01
4.000000000000000000e+00 -7.176349298239166341e-01
5.000000000000000000e+00 -7.453960625992339661e-01
6.000000000000000000e+00 -7.010363430342281266e-01
7.000000000000000000e+00 -7.010363430342281266e-01
8.000000000000000000e+00 -6.097565554928722209e-01
9.000000000000000000e+00 -6.113846085010339326e-01
1.000000000000000000e+01 -5.805430467287563401e-01
1.100000000000000000e+01 -6.292102614476164923e-01
1.200000000000000000e+01 -7.712168790766763538e-01
1.300000000000000000e+01 -7.712168790766763538e-01
1.400000000000000000e+01 -4.419636490190926859e-01
1.500000000000000000e+01 -6.105638872365483083e-01
1.600000000000000000e+01 -6.105638872365483083e-01
1.700000000000000000e+01 -5.875662411482556191e-01
1.800000000000000000e+01 -6.103373301577545984e-01
1.900000000000000000e+01 -6.103373301577545984e-01
2.000000000000000000e+01 -4.569674841095936468e-01
2.100000000000000000e+01 -5.021239649841778840e-01
2.200000000000000000e+01 -4.967072943498440640e-01
2.300000000000000000e+01 -4.967072943498440640e-01
2.400000000000000000e+01 -4.967072943498440640e-01
