# N = 6, theta = 0.79, theta_k = 0.52, max_trotter_steps = 100
#  TIME || S_z impurity expectation value
0.000000000000000000e+00 -9.999999999999994449e-01
1.000000000000000000e+00 -8.765550643081946314e-01
2.000000000000000000e+00 -8.135300307059620817e-01
3.000000000000000000e+00 -7.888200569725417610e-01
4.000000000000000000e+00 -7.741891786887278304e-01
5.000000000000000000e+00 -8.232710859102895240e-01
6.000000000000000000e+00 -8.991898401255957740e-01
7.000000000000000000e+00 -8.568141073181060330e-01
8.000000000000000000e+00 -8.609230332375207295e-01
9.000000000000000000e+00 -8.332178453343062063e-01
1.000000000000000000e+01 -7.867562848607678738e-01
1.100000000000000000e+01 -7.611324931094403112e-01
1.200000000000000000e+01 -7.213822545859669422e-01
1.300000000000000000e+01 -8.005366193717657897e-01
1.400000000000000000e+01 -8.626633331353747991e-01
1.500000000000000000e+01 -8.613532724298038623e-01
1.600000000000000000e+01 -7.724337779763440492e-01
1.700000000000000000e+01 -7.724337779763440492e-01
1.800000000000000000e+01 -6.765096978446306641e-01
1.900000000000000000e+01 -7.843714510779514759e-01
2.000000000000000000e+01 -8.212001196348450716e-01
2.100000000000000000e+01 -8.366385621957529439e-01
2.200000000000000000e+01 -8.595463841112138681e-01
2.300000000000000000e+01 -8.437289213966763235e-01
2.400000000000000000e+01 -7.933729503403922356e-01
2.500000000000000000e+01 -7.933729503403922356e-01
2.600000000000000000e+01 -7.893882864958654544e-01
2.700000000000000000e+01 -7.952435424406859577e-01
2.800000000000000000e+01 -8.837366965678673525e-01
2.900000000000000000e+01 -8.837366965678673525e-01
3.000000000000000000e+01 -9.060914754775456492e-01
3.100000000000000000e+01 -8.011317193655687063e-01
3.200000000000000000e+01 -8.011317193655687063e-01
3.300000000000000000e+01 -7.919342338544269611e-01
3.400000000000000000e+01 -8.111878556468464785e-01
3.500000000000000000e+01 -8.469368916652914026e-01
3.600000000000000000e+01 -8.867873548446140175e-01
3.700000000000000000e+01 -8.867873548446140175e-01
3.800000000000000000e+01 -8.305162957826167647e-01
3.900000000000000000e+01 -8.244365937128388389e-01
4.000000000000000000e+01 -7.985317620065077726e-01
4.100000000000000000e+01 -7.948297377341497771e-01
4.200000000000000000e+01 -7.948297377341497771e-01
4.300000000000000000e+01 -7.996427585694836360e-01
4.400000000000000000e+01 -7.996427585694836360e-01
4.500000000000000000e+01 -8.433356022940232677e-01
4.600000000000000000e+01 -8.081827526544730356e-01
4.700000000000000000e+01 -7.796362537049262853e-01
4.800000000000000000e+01 -7.647745370540292020e-01
4.900000000000000000e+01 -8.025813724847622455e-01
5.000000000000000000e+01 -8.062923734189437752e-01
5.100000000000000000e+01 -8.253060375112216684e-01
5.200000000000000000e+01 -8.198140853525632821e-01
5.300000000000000000e+01 -8.172368173087877219e-01
5.400000000000000000e+01 -8.206762633086249759e-01
5.500000000000000000e+01 -8.206762633086249759e-01
5.600000000000000000e+01 -8.331246466134433204e-01
5.700000000000000000e+01 -8.000243510955332704e-01
5.800000000000000000e+01 -8.206382735170213438e-01
5.900000000000000000e+01 -8.394823308551084828e-01
6.000000000000000000e+01 -8.673118893731392998e-01
6.100000000000000000e+01 -8.495522009461897728e-01
6.200000000000000000e+01 -8.181236013451311795e-01
6.300000000000000000e+01 -8.001867639643095442e-01
6.400000000000000000e+01 -8.151288499483971828e-01
6.500000000000000000e+01 -8.187340815980551634e-01
6.600000000000000000e+01 -8.460886832791022494e-01
6.700000000000000000e+01 -8.460886832791022494e-01
6.800000000000000000e+01 -8.460886832791022494e-01
6.900000000000000000e+01 -8.303505239051454101e-01
7.000000000000000000e+01 -8.137873784773043129e-01
7.100000000000000000e+01 -8.303505239051454101e-01
7.200000000000000000e+01 -8.178773734684334773e-01
7.300000000000000000e+01 -7.969356470166798490e-01
7.400000000000000000e+01 -8.379336122871149373e-01
7.500000000000000000e+01 -8.268083890727218055e-01
7.600000000000000000e+01 -8.223344003904673460e-01
7.700000000000000000e+01 -7.828838779084777988e-01
7.800000000000000000e+01 -7.552113140384535406e-01
7.900000000000000000e+01 -7.828838779084777988e-01
8.000000000000000000e+01 -8.013157882548515021e-01
8.100000000000000000e+01 -7.828838779084777988e-01
8.200000000000000000e+01 -8.357535190980031059e-01
8.300000000000000000e+01 -8.357535190980031059e-01
8.400000000000000000e+01 -8.077509440272964136e-01
8.500000000000000000e+01 -8.077509440272964136e-01
8.600000000000000000e+01 -7.812463553764663615e-01
8.700000000000000000e+01 -7.812463553764663615e-01
8.800000000000000000e+01 -8.516018779608570677e-01
8.900000000000000000e+01 -8.516018779608570677e-01
9.000000000000000000e+01 -8.694150734331833608e-01
9.100000000000000000e+01 -8.380705668917839413e-01
9.200000000000000000e+01 -8.008108951702993528e-01
9.300000000000000000e+01 -8.197768224699003570e-01
9.400000000000000000e+01 -8.828898942972301933e-01
9.500000000000000000e+01 -8.828898942972301933e-01
9.600000000000000000e+01 -8.828898942972301933e-01
9.700000000000000000e+01 -8.477842039917266037e-01
9.800000000000000000e+01 -8.355992754466317063e-01
9.900000000000000000e+01 -8.153074942610932796e-01
