# N = 6, theta = 0.79, theta_k = 0.52, max_trotter_steps = 100
#  TIME || CONCURRENCE || VON NEUMANN ENTROPY
0.000000000000000000e+00 0.000000000000000000e+00 0.000000000000000000e+00
1.000000000000000000e+00 4.813015886485905170e-01 2.316808836276202932e-01
2.000000000000000000e+00 6.400471749346893224e-01 3.585378436495380572e-01
3.000000000000000000e+00 7.392185750378269526e-01 4.450481563931980022e-01
4.000000000000000000e+00 7.963630706582432994e-01 4.970440439517779252e-01
5.000000000000000000e+00 8.277684892919504600e-01 5.262301179929782524e-01
6.000000000000000000e+00 8.396958123349955727e-01 5.374228104997955668e-01
7.000000000000000000e+00 8.817932675537905052e-01 5.773858008670664788e-01
8.000000000000000000e+00 9.027066768635625404e-01 5.974958408503190377e-01
9.000000000000000000e+00 9.083065429874607188e-01 6.029086969870605106e-01
1.000000000000000000e+01 8.631916428742925085e-01 5.596406161098713694e-01
1.100000000000000000e+01 8.231124611192641716e-01 5.218768396695676604e-01
1.200000000000000000e+01 7.944908336573383023e-01 4.953174336281462864e-01
1.300000000000000000e+01 6.731665930978354417e-01 3.868703432253112751e-01
1.400000000000000000e+01 5.695110340508822144e-01 3.002370332354096782e-01
1.500000000000000000e+01 5.099246558249068695e-01 2.533555239741194232e-01
1.600000000000000000e+01 5.362779132254171799e-01 2.738060817434557759e-01
1.700000000000000000e+01 6.511778807059613872e-01 3.679944174953898584e-01
1.800000000000000000e+01 7.948519354057941300e-01 4.956503296571777017e-01
1.900000000000000000e+01 7.949873881390060459e-01 4.957752167621432005e-01
2.000000000000000000e+01 8.088006485203411700e-01 5.085525822384645567e-01
2.100000000000000000e+01 8.272829361369493650e-01 5.257757157551655736e-01
2.200000000000000000e+01 8.730585557292612764e-01 5.690363950432103524e-01
2.300000000000000000e+01 9.011062739227027052e-01 5.959510472489375488e-01
2.400000000000000000e+01 9.136908946159150169e-01 6.081242788473222305e-01
2.500000000000000000e+01 8.149469358058933910e-01 5.142641671758328981e-01
2.600000000000000000e+01 8.149469358058933910e-01 5.142641671758328981e-01
2.700000000000000000e+01 7.065775656270405491e-01 4.160291631250817579e-01
2.800000000000000000e+01 6.465323242808405091e-01 3.640394263201540137e-01
2.900000000000000000e+01 5.728797327761985247e-01 3.029547267833435642e-01
3.000000000000000000e+01 4.674420266842821969e-01 2.213955427750574079e-01
3.100000000000000000e+01 5.316758508027484842e-01 2.702016538548399627e-01
3.200000000000000000e+01 5.958882551376823988e-01 3.217000046625753118e-01
3.300000000000000000e+01 6.764552287384665297e-01 3.897152104535729356e-01
3.400000000000000000e+01 7.427985693442584747e-01 4.482618127705385591e-01
3.500000000000000000e+01 7.916199450867592580e-01 4.926728090196948462e-01
3.600000000000000000e+01 8.219144836541093513e-01 5.207582211454642174e-01
3.700000000000000000e+01 8.561006729009524863e-01 5.529120078800995319e-01
3.800000000000000000e+01 9.090525688783041014e-01 6.036306947195311245e-01
3.900000000000000000e+01 9.090525688783041014e-01 6.036306947195311245e-01
4.000000000000000000e+01 8.757990234114054751e-01 5.716527810885650984e-01
4.100000000000000000e+01 8.243301764992699843e-01 5.230145030446852195e-01
4.200000000000000000e+01 7.425542625284601295e-01 4.480423147669627681e-01
4.300000000000000000e+01 6.373549787777941233e-01 3.562606966897985394e-01
4.400000000000000000e+01 6.373549787777941233e-01 3.562606966897985394e-01
4.500000000000000000e+01 5.824183458319871498e-01 3.106874327507673228e-01
4.600000000000000000e+01 6.125534739851271615e-01 3.354721641032182289e-01
4.700000000000000000e+01 6.125534739851271615e-01 3.354721641032182289e-01
4.800000000000000000e+01 6.602608005857074636e-01 3.757605608842261580e-01
4.900000000000000000e+01 7.163730005483585073e-01 4.246835954038038485e-01
5.000000000000000000e+01 7.895254268188856006e-01 4.907456343875034044e-01
5.100000000000000000e+01 7.895254268188856006e-01 4.907456343875034044e-01
5.200000000000000000e+01 8.924175674181263895e-01 5.875811446933651983e-01
5.300000000000000000e+01 9.090651231344505367e-01 6.036428464024371499e-01
5.400000000000000000e+01 9.090651231344505367e-01 6.036428464024371499e-01
5.500000000000000000e+01 8.767886795706960612e-01 5.725983473831890436e-01
5.600000000000000000e+01 8.358460925449486822e-01 5.338038067980845902e-01
5.700000000000000000e+01 7.619807713916690872e-01 4.655824501318946984e-01
5.800000000000000000e+01 6.453297038596119695e-01 3.630174752670490279e-01
5.900000000000000000e+01 6.453297038596119695e-01 3.630174752670490279e-01
6.000000000000000000e+01 5.928775272329964707e-01 3.192291980736625678e-01
6.100000000000000000e+01 5.691142446949228884e-01 2.999173817165111666e-01
6.200000000000000000e+01 5.601360645181936437e-01 2.927105830163193589e-01
6.300000000000000000e+01 5.848056307910179941e-01 3.126313265861905832e-01
6.400000000000000000e+01 5.848056307910179941e-01 3.126313265861905832e-01
6.500000000000000000e+01 7.592824484419479214e-01 4.631357661322085262e-01
6.600000000000000000e+01 8.298678425854073559e-01 5.281959117527671443e-01
6.700000000000000000e+01 8.845882434182500420e-01 5.800637264687730221e-01
6.800000000000000000e+01 8.936946433672073864e-01 5.888095665895681785e-01
6.900000000000000000e+01 8.742571756917462134e-01 5.701803839257809647e-01
7.000000000000000000e+01 8.314167222607350416e-01 5.296474225419247617e-01
7.100000000000000000e+01 8.314167222607350416e-01 5.296474225419247617e-01
7.200000000000000000e+01 7.744762950754571218e-01 4.769556567122915092e-01
7.300000000000000000e+01 6.894499184176101636e-01 4.010107563386590135e-01
7.400000000000000000e+01 6.894499184176101636e-01 4.010107563386590135e-01
7.500000000000000000e+01 5.946836981368059938e-01 3.207108235891982795e-01
7.600000000000000000e+01 7.548748063326862212e-01 4.591463274532222583e-01
7.700000000000000000e+01 5.528228122128803212e-01 2.868773500802544452e-01
7.800000000000000000e+01 5.528228122128803212e-01 2.868773500802544452e-01
7.900000000000000000e+01 7.755389192607083926e-01 4.779260754901222263e-01
8.000000000000000000e+01 7.755389192607083926e-01 4.779260754901222263e-01
8.100000000000000000e+01 8.423609459387763065e-01 5.399317693480649716e-01
8.200000000000000000e+01 8.632746394921178013e-01 5.597194896811239495e-01
8.300000000000000000e+01 8.797853209268858832e-01 5.754638071838493740e-01
8.400000000000000000e+01 8.893433269088223403e-01 5.846265775898507044e-01
8.500000000000000000e+01 8.724837788648770465e-01 5.684880146698726433e-01
8.600000000000000000e+01 8.190675088046058816e-01 5.181022528149900053e-01
8.700000000000000000e+01 8.724837788648770465e-01 5.684880146698726433e-01
8.800000000000000000e+01 8.581019647671918049e-01 5.548090027181231676e-01
8.900000000000000000e+01 7.593947371461210460e-01 4.632375168514106800e-01
9.000000000000000000e+01 7.593947371461210460e-01 4.632375168514106800e-01
9.100000000000000000e+01 7.593947371461210460e-01 4.632375168514106800e-01
9.200000000000000000e+01 7.593947371461210460e-01 4.632375168514106800e-01
9.300000000000000000e+01 6.168887645833152078e-01 3.390810383910121129e-01
9.400000000000000000e+01 6.988149305244214515e-01 4.092043275837220495e-01
9.500000000000000000e+01 7.528649829247243686e-01 4.573301593838485779e-01
9.600000000000000000e+01 8.010318280141436320e-01 5.013562645629703329e-01
9.700000000000000000e+01 8.867652991706190813e-01 5.821516938931936558e-01
9.800000000000000000e+01 8.610839857847770729e-01 5.576385765394655802e-01
9.900000000000000000e+01 8.867652991706190813e-01 5.821516938931936558e-01
