# N = 6, theta = 0.79, theta_k = 0.79, max_trotter_steps = 100
#  TIME || CONCURRENCE || VON NEUMANN ENTROPY
0.000000000000000000e+00 2.980232238769531250e-08 1.016423329886022151e-14
1.000000000000000000e+00 6.640376756256074486e-01 3.790027852515553963e-01
2.000000000000000000e+00 7.838356796254569714e-01 4.855201815235754559e-01
3.000000000000000000e+00 8.298058128960457136e-01 5.281378021707331394e-01
4.000000000000000000e+00 8.574327792295883821e-01 5.541745138144860139e-01
5.000000000000000000e+00 8.337441344580869274e-01 5.318303868766215414e-01
6.000000000000000000e+00 7.775767776047732838e-01 4.797885150967635126e-01
7.000000000000000000e+00 7.051750415323129184e-01 4.147938669372477349e-01
8.000000000000000000e+00 6.363375923936294143e-01 3.554011931630110532e-01
9.000000000000000000e+00 6.905825615202203505e-01 4.019993730682155930e-01
1.000000000000000000e+01 7.757424932199358247e-01 4.781120425847582567e-01
1.100000000000000000e+01 8.625348327917121694e-01 5.590165307853764975e-01
1.200000000000000000e+01 9.373126335169574830e-01 6.311316818296657249e-01
1.300000000000000000e+01 8.094685616252746962e-01 5.091724795062089193e-01
1.400000000000000000e+01 7.504578569515761854e-01 4.551574212747409032e-01
1.500000000000000000e+01 7.161231304710852230e-01 4.244622483079505404e-01
1.600000000000000000e+01 6.721748067531972959e-01 3.860134887840951934e-01
1.700000000000000000e+01 6.839811092732108744e-01 3.962465159230695866e-01
1.800000000000000000e+01 7.466579502851334871e-01 4.517329790262593625e-01
1.900000000000000000e+01 8.136830198628450805e-01 5.130883350806205723e-01
2.000000000000000000e+01 8.519937438073372782e-01 5.490241283954603313e-01
2.100000000000000000e+01 8.244203125809543842e-01 5.230987382212455294e-01
2.200000000000000000e+01 7.539530646252241564e-01 4.583131688349775246e-01
2.300000000000000000e+01 6.907013640436276969e-01 4.021031063015952922e-01
2.400000000000000000e+01 6.188439439520542207e-01 3.407121033145679156e-01
2.500000000000000000e+01 7.413751417979421721e-01 4.469833238891975369e-01
2.600000000000000000e+01 7.624902913814571859e-01 4.660448257060887389e-01
2.700000000000000000e+01 7.948268642975792053e-01 4.956272150276541666e-01
2.800000000000000000e+01 8.232773852263869374e-01 5.220308855015877159e-01
2.900000000000000000e+01 8.293151754724554792e-01 5.276782278351010991e-01
3.000000000000000000e+01 8.088187765307442989e-01 5.085694045296501598e-01
3.100000000000000000e+01 7.288000668617305999e-01 4.357301604696953712e-01
3.200000000000000000e+01 7.207178448319162545e-01 4.285373130044537460e-01
3.300000000000000000e+01 7.246535169535333054e-01 4.320359822818041207e-01
3.400000000000000000e+01 7.536371188493148354e-01 4.580276766697084501e-01
3.500000000000000000e+01 7.788653352569254729e-01 4.809671077320548660e-01
3.600000000000000000e+01 8.261184604494178352e-01 5.246863468269441499e-01
3.700000000000000000e+01 8.133015917888322122e-01 5.127336219329858835e-01
3.800000000000000000e+01 8.133015917888322122e-01 5.127336219329858835e-01
3.900000000000000000e+01 7.557583733012922522e-01 4.599453466217906517e-01
4.000000000000000000e+01 7.082245356658353197e-01 4.174809977121167748e-01
4.100000000000000000e+01 7.243497322457270737e-01 4.317656632591218013e-01
4.200000000000000000e+01 7.170845046594425121e-01 4.253140466604127812e-01
4.300000000000000000e+01 7.858888656994621469e-01 4.874041829900611078e-01
4.400000000000000000e+01 8.066701771616422434e-01 5.065765398975636824e-01
4.500000000000000000e+01 8.066701771616422434e-01 5.065765398975636824e-01
4.600000000000000000e+01 8.202101942423236647e-01 5.191678659881735491e-01
4.700000000000000000e+01 8.009060288994744869e-01 5.012399489657815010e-01
4.800000000000000000e+01 6.594117999339893510e-01 3.750327820278367974e-01
4.900000000000000000e+01 6.497968290549568371e-01 3.668174456963170238e-01
5.000000000000000000e+01 6.932782125381856675e-01 4.043548517083211946e-01
5.100000000000000000e+01 7.811454488085992631e-01 4.830544434734640458e-01
5.200000000000000000e+01 8.231337829965577058e-01 5.218967545316952616e-01
5.300000000000000000e+01 7.811454488085992631e-01 4.830544434734640458e-01
5.400000000000000000e+01 7.979332996249079990e-01 4.984933086610463526e-01
5.500000000000000000e+01 7.424533480231838567e-01 4.479516560530051872e-01
5.600000000000000000e+01 7.290163350525069585e-01 4.359230602948261923e-01
5.700000000000000000e+01 7.424533480231838567e-01 4.479516560530051872e-01
5.800000000000000000e+01 7.104291282173058608e-01 4.194264754403064233e-01
5.900000000000000000e+01 6.898463720626333284e-01 4.013567233083396024e-01
6.000000000000000000e+01 8.637779323791832109e-01 5.601978387411645777e-01
6.100000000000000000e+01 8.637779323791832109e-01 5.601978387411645777e-01
6.200000000000000000e+01 7.898654485149453341e-01 4.910583593386885770e-01
6.300000000000000000e+01 7.162243719178951196e-01 4.245519292588360027e-01
6.400000000000000000e+01 7.114817109516086147e-01 4.203561850422520285e-01
6.500000000000000000e+01 7.114817109516086147e-01 4.203561850422520285e-01
6.600000000000000000e+01 7.425855099645793933e-01 4.480703875385705359e-01
6.700000000000000000e+01 7.899438810594677784e-01 4.911305025419603898e-01
6.800000000000000000e+01 7.850439877641666175e-01 4.866286990581079053e-01
6.900000000000000000e+01 7.850439877641666175e-01 4.866286990581079053e-01
7.000000000000000000e+01 7.811232507074541420e-01 4.830341110581778397e-01
7.100000000000000000e+01 7.811232507074541420e-01 4.830341110581778397e-01
7.200000000000000000e+01 4.677953218905015476e-01 2.216559822353845188e-01
7.300000000000000000e+01 6.434630468561322036e-01 3.614327989217834824e-01
7.400000000000000000e+01 7.078529397912808330e-01 4.171533123465667736e-01
7.500000000000000000e+01 7.078529397912808330e-01 4.171533123465667736e-01
7.600000000000000000e+01 7.078529397912808330e-01 4.171533123465667736e-01
7.700000000000000000e+01 7.078529397912808330e-01 4.171533123465667736e-01
7.800000000000000000e+01 7.180799159148316679e-01 4.261964755411747907e-01
7.900000000000000000e+01 7.005140294630400888e-01 4.106956006275358506e-01
8.000000000000000000e+01 7.078529397912808330e-01 4.171533123465667736e-01
8.100000000000000000e+01 7.250475731931863566e-01 4.323866943237821836e-01
8.200000000000000000e+01 7.496335894050292215e-01 4.544140301973352836e-01
8.300000000000000000e+01 8.517509222107465527e-01 5.487944699302960139e-01
8.400000000000000000e+01 8.517509222107465527e-01 5.487944699302960139e-01
8.500000000000000000e+01 7.496335894050292215e-01 4.544140301973352836e-01
8.600000000000000000e+01 6.933628076724676070e-01 4.044288307869382537e-01
8.700000000000000000e+01 7.202995076693442522e-01 4.281658656337858915e-01
8.800000000000000000e+01 6.882011622361562386e-01 3.999215441189716280e-01
8.900000000000000000e+01 6.882011622361562386e-01 3.999215441189716280e-01
9.000000000000000000e+01 7.554838984236625921e-01 4.596970976320318147e-01
9.100000000000000000e+01 7.356749358111579484e-01 4.418730682757262551e-01
9.200000000000000000e+01 7.554838984236625921e-01 4.596970976320318147e-01
9.300000000000000000e+01 7.356749358111579484e-01 4.418730682757262551e-01
9.400000000000000000e+01 6.877235397077476886e-01 3.995051527516954026e-01
9.500000000000000000e+01 6.877235397077476886e-01 3.995051527516954026e-01
9.600000000000000000e+01 6.877235397077476886e-01 3.995051527516954026e-01
9.700000000000000000e+01 7.179008366505575944e-01 4.260376868835938913e-01
9.800000000000000000e+01 7.369839825718184079e-01 4.430452800172533512e-01
9.900000000000000000e+01 7.369839825718184079e-01 4.430452800172533512e-01
