# N = 10, theta = 0.79, theta_k = 0.79, max_trotter_steps = 100
#  TIME || S_z impurity expectation value
0.000000000000000000e+00 -1.000000000000000000e+00
1.000000000000000000e+00 -7.476991141827781240e-01
2.000000000000000000e+00 -5.590435752430078509e-01
3.000000000000000000e+00 -4.179837342919108245e-01
4.000000000000000000e+00 -3.125159523613580959e-01
5.000000000000000000e+00 -2.336629349791653487e-01
6.000000000000000000e+00 -1.955482369060623782e-01
7.000000000000000000e+00 -1.775547795028802334e-01
8.000000000000000000e+00 -1.750101866401943262e-01
9.000000000000000000e+00 -1.858682487999222255e-01
1.000000000000000000e+01 -2.107157581705468852e-01
1.100000000000000000e+01 -3.007994465995783018e-01
1.200000000000000000e+01 -3.713520170666701481e-01
1.300000000000000000e+01 -4.210004109864466937e-01
1.400000000000000000e+01 -4.695608933399642027e-01
1.500000000000000000e+01 -4.695608933399642027e-01
1.600000000000000000e+01 -4.507357013315191341e-01
1.700000000000000000e+01 -4.902212194199945250e-01
1.800000000000000000e+01 -3.413043014329339986e-01
1.900000000000000000e+01 -3.413043014329339986e-01
2.000000000000000000e+01 -2.277822931952185326e-01
2.100000000000000000e+01 -3.236867907525726729e-01
2.200000000000000000e+01 -3.722872463087638639e-01
2.300000000000000000e+01 -3.806950260441548939e-01
2.400000000000000000e+01 -3.602501682731233945e-01
2.500000000000000000e+01 -3.391144439455395787e-01
2.600000000000000000e+01 -2.885522623775336748e-01
2.700000000000000000e+01 -2.754050562308968386e-01
2.800000000000000000e+01 -2.797458798596419438e-01
2.900000000000000000e+01 -2.891583386403506761e-01
3.000000000000000000e+01 -3.024170753773935960e-01
3.100000000000000000e+01 -2.979013363337833509e-01
3.200000000000000000e+01 -3.219140761768982673e-01
3.300000000000000000e+01 -3.696658260964571507e-01
3.400000000000000000e+01 -4.358928939261847435e-01
3.500000000000000000e+01 -5.013794878102756369e-01
3.600000000000000000e+01 -5.000641204800386763e-01
3.700000000000000000e+01 -5.000641204800386763e-01
3.800000000000000000e+01 -5.000641204800386763e-01
3.900000000000000000e+01 -4.429524676569094876e-01
4.000000000000000000e+01 -4.429524676569094876e-01
4.100000000000000000e+01 -4.025292804061845753e-01
4.200000000000000000e+01 -3.505760963618057557e-01
4.300000000000000000e+01 -2.961827312325565065e-01
4.400000000000000000e+01 -2.961827312325565065e-01
4.500000000000000000e+01 -1.523543517995336327e-01
4.600000000000000000e+01 -1.523543517995336327e-01
4.700000000000000000e+01 -1.523543517995336327e-01
4.800000000000000000e+01 -1.523543517995336327e-01
4.900000000000000000e+01 -1.523543517995336327e-01
5.000000000000000000e+01 -4.061485409322537765e-01
5.100000000000000000e+01 -4.061485409322537765e-01
5.200000000000000000e+01 -5.757534213422459413e-01
5.300000000000000000e+01 -5.757534213422459413e-01
5.400000000000000000e+01 -5.096786160631681106e-01
5.500000000000000000e+01 -5.757534213422459413e-01
5.600000000000000000e+01 -5.096786160631681106e-01
5.700000000000000000e+01 -4.680117165722665340e-01
5.800000000000000000e+01 -4.680117165722665340e-01
5.900000000000000000e+01 -4.680117165722665340e-01
6.000000000000000000e+01 -3.293547211589759605e-01
6.100000000000000000e+01 -4.680117165722665340e-01
6.200000000000000000e+01 -2.373116040199953203e-01
6.300000000000000000e+01 -2.373116040199953203e-01
6.400000000000000000e+01 -3.049557214557810925e-01
6.500000000000000000e+01 -3.898153847699330488e-01
6.600000000000000000e+01 -3.049557214557810925e-01
6.700000000000000000e+01 -3.898153847699330488e-01
6.800000000000000000e+01 -4.910908423793031163e-01
6.900000000000000000e+01 -3.898153847699330488e-01
7.000000000000000000e+01 -4.910908423793031163e-01
7.100000000000000000e+01 -4.910908423793031163e-01
7.200000000000000000e+01 -4.860551995459609365e-01
7.300000000000000000e+01 -4.860551995459609365e-01
7.400000000000000000e+01 -4.583099567981210876e-01
7.500000000000000000e+01 -4.860551995459609365e-01
7.600000000000000000e+01 -2.735323181908344004e-01
7.700000000000000000e+01 -3.368556447993849012e-01
7.800000000000000000e+01 -2.735323181908344004e-01
7.900000000000000000e+01 -2.735323181908344004e-01
8.000000000000000000e+01 -2.637863280625019069e-01
8.100000000000000000e+01 -2.637863280625019069e-01
8.200000000000000000e+01 -3.194329244812534330e-01
8.300000000000000000e+01 -3.169969547167489909e-01
8.400000000000000000e+01 -2.637863280625019069e-01
8.500000000000000000e+01 -3.081570756106661868e-01
8.600000000000000000e+01 -3.081570756106661868e-01
8.700000000000000000e+01 -3.081570756106661868e-01
8.800000000000000000e+01 -4.350680582207573366e-01
8.900000000000000000e+01 -4.333481421783189069e-01
9.000000000000000000e+01 -4.483217875108438943e-01
9.100000000000000000e+01 -4.333481421783189069e-01
9.200000000000000000e+01 -3.841722857543846126e-01
9.300000000000000000e+01 -4.028631136071454399e-01
9.400000000000000000e+01 -4.028631136071454399e-01
9.500000000000000000e+01 -4.028631136071454399e-01
9.600000000000000000e+01 -3.142515909716922518e-01
9.700000000000000000e+01 -3.142515909716922518e-01
9.800000000000000000e+01 -3.142515909716922518e-01
9.900000000000000000e+01 -3.142515909716922518e-01
