# N = 6, theta = 1.07, theta_k = 0.79, max_trotter_steps = 100
#  TIME || CONCURRENCE || VON NEUMANN
0.000000000000000000e+00 0.000000000000000000e+00 2.077779490141487434e-15
1.000000000000000000e+00 6.640376756256081148e-01 3.790027852515558404e-01
2.000000000000000000e+00 8.479925331426805268e-01 5.452428468180803289e-01
3.000000000000000000e+00 6.420978787187742176e-01 3.602750545206958033e-01
4.000000000000000000e+00 6.516755715452807740e-01 3.684188150857971578e-01
5.000000000000000000e+00 8.071169375263640422e-01 5.069907559456722224e-01
6.000000000000000000e+00 6.323139577278932277e-01 3.520075502252437150e-01
7.000000000000000000e+00 7.135841936307243394e-01 4.222148579659972256e-01
8.000000000000000000e+00 8.011214771581686156e-01 5.014391595572484928e-01
9.000000000000000000e+00 7.634165525645983941e-01 4.668856848345027677e-01
1.000000000000000000e+01 7.447406693389269083e-01 4.500076889148489911e-01
1.100000000000000000e+01 7.914337585152848575e-01 4.925014204207710522e-01
1.200000000000000000e+01 8.513894430068887909e-01 5.484526300822336609e-01
1.300000000000000000e+01 8.359584193718346823e-01 5.339093157686473079e-01
1.400000000000000000e+01 8.523279428665985202e-01 5.493402495809676100e-01
1.500000000000000000e+01 8.786706100096615124e-01 5.743974869962312768e-01
1.600000000000000000e+01 8.394882863119997873e-01 5.372275669730272041e-01
1.700000000000000000e+01 8.476270436430773936e-01 5.448977685452609521e-01
1.800000000000000000e+01 8.723357584717503777e-01 5.683468129967487181e-01
1.900000000000000000e+01 8.948084965383105160e-01 5.898814908315581640e-01
2.000000000000000000e+01 9.077902740155008310e-01 6.024091777714040141e-01
2.100000000000000000e+01 8.571541092332037870e-01 5.539103452729557953e-01
2.200000000000000000e+01 8.330166392972598866e-01 5.311478027923135503e-01
2.300000000000000000e+01 8.887436158087653748e-01 5.840506329841286259e-01
2.400000000000000000e+01 8.812281093265408316e-01 5.768446773155335716e-01
2.500000000000000000e+01 8.371604074392627881e-01 5.350386713958182883e-01
2.600000000000000000e+01 8.785998753930390759e-01 5.743298392993184676e-01
2.700000000000000000e+01 8.982272699589423093e-01 5.931745116415754193e-01
2.800000000000000000e+01 8.371188991362153997e-01 5.349996614338479173e-01
2.900000000000000000e+01 8.882579162482083790e-01 5.835842825796664357e-01
3.000000000000000000e+01 8.902762190168522771e-01 5.855227727569261020e-01
3.100000000000000000e+01 8.415648279821018596e-01 5.391819999784868145e-01
3.200000000000000000e+01 8.861102243132703560e-01 5.815232340535694266e-01
3.300000000000000000e+01 9.029524664616787044e-01 5.977331753543653203e-01
3.400000000000000000e+01 8.776380304910812447e-01 5.734101628904586523e-01
3.500000000000000000e+01 8.981771750330587167e-01 5.931262273918691541e-01
3.600000000000000000e+01 9.349466698904909112e-01 6.288181000328951775e-01
3.700000000000000000e+01 8.831022399499491859e-01 5.786395799370609438e-01
3.800000000000000000e+01 8.886438643879804866e-01 5.839548480583103274e-01
3.900000000000000000e+01 9.239704004170909979e-01 6.181113732731973176e-01
4.000000000000000000e+01 9.305357565940204356e-01 6.245102436846892147e-01
4.100000000000000000e+01 9.487527689588247659e-01 6.423468545318875567e-01
4.200000000000000000e+01 9.566210390784840589e-01 6.500873959569792859e-01
4.300000000000000000e+01 9.570562723267095340e-01 6.505162008375268146e-01
4.400000000000000000e+01 9.302113447516010547e-01 6.241936897891824376e-01
4.500000000000000000e+01 9.494843999505747645e-01 6.430656855478844580e-01
4.600000000000000000e+01 9.677628827369236797e-01 6.610855360321442609e-01
4.700000000000000000e+01 9.607992817852563094e-01 6.542066689640116950e-01
4.800000000000000000e+01 9.645175130804294339e-01 6.578775562729737292e-01
4.900000000000000000e+01 9.759341564006612790e-01 6.691788041502610973e-01
5.000000000000000000e+01 9.672241815285342881e-01 6.605527881033490534e-01
5.100000000000000000e+01 9.360892921257506494e-01 6.299351729543500866e-01
5.200000000000000000e+01 9.362337916601126686e-01 6.300764749822549415e-01
5.300000000000000000e+01 9.741611758023384082e-01 6.674207945612652404e-01
5.400000000000000000e+01 9.721389186834552554e-01 6.654169332651593827e-01
5.500000000000000000e+01 9.394770252586098769e-01 6.332499193821421457e-01
5.600000000000000000e+01 9.366837405475046952e-01 6.305165155331720062e-01
5.700000000000000000e+01 9.543260210345947403e-01 6.478273769948281746e-01
5.800000000000000000e+01 9.459098382655058979e-01 6.395554658908302326e-01
5.900000000000000000e+01 9.374158344722772762e-01 6.312326438468807144e-01
6.000000000000000000e+01 9.563398460919572130e-01 6.498103915674723341e-01
6.100000000000000000e+01 9.432627098266211929e-01 6.369589170671023926e-01
6.200000000000000000e+01 9.375489932362145451e-01 6.313629194035998982e-01
6.300000000000000000e+01 9.644502937730553560e-01 6.578111500942720458e-01
6.400000000000000000e+01 9.674871277350085563e-01 6.608128158752679671e-01
6.500000000000000000e+01 9.277273804662266032e-01 6.217711602947161298e-01
6.600000000000000000e+01 9.448872358788757975e-01 6.385521064854035034e-01
6.700000000000000000e+01 9.681339707864219379e-01 6.614525816402555547e-01
6.800000000000000000e+01 9.672613772874643079e-01 6.605895695712316051e-01
6.900000000000000000e+01 9.602291668997088303e-01 6.536442401259725532e-01
7.000000000000000000e+01 9.616019547562415504e-01 6.549987132338309648e-01
7.100000000000000000e+01 9.553250523729164279e-01 6.488109452525394616e-01
7.200000000000000000e+01 9.426389319182791882e-01 6.363474220843243767e-01
7.300000000000000000e+01 9.472207099686816845e-01 6.408422146424629373e-01
7.400000000000000000e+01 9.542471718765077604e-01 6.477497632397588578e-01
7.500000000000000000e+01 9.641534964107353334e-01 6.575179617894174600e-01
7.600000000000000000e+01 9.418694566129324208e-01 6.355932903372953913e-01
7.700000000000000000e+01 9.381090105195566409e-01 6.319108807986151266e-01
7.800000000000000000e+01 9.530727771948884763e-01 6.465940283717457326e-01
7.900000000000000000e+01 9.527027584802112425e-01 6.462299896562873069e-01
8.000000000000000000e+01 9.415450904648301478e-01 6.352754556249615714e-01
8.100000000000000000e+01 9.413934146171555328e-01 6.351268468471387152e-01
8.200000000000000000e+01 9.523756768573904408e-01 6.459082343679206639e-01
8.300000000000000000e+01 9.465803142374334955e-01 6.402135272269560140e-01
8.400000000000000000e+01 9.513102047112669268e-01 6.448603749691000919e-01
8.500000000000000000e+01 9.597716714866967314e-01 6.531929947055434837e-01
8.600000000000000000e+01 9.536805794635521139e-01 6.471921126142361480e-01
8.700000000000000000e+01 9.562179934481411792e-01 6.496903626490695416e-01
8.800000000000000000e+01 9.578977192171141963e-01 6.513454082303501425e-01
8.900000000000000000e+01 9.577405304050088386e-01 6.511904869749658431e-01
9.000000000000000000e+01 9.462981058248663979e-01 6.399365247273124391e-01
9.100000000000000000e+01 9.551934187519867114e-01 6.486813289631492285e-01
9.200000000000000000e+01 9.515253340804767923e-01 6.450719158130786557e-01
9.300000000000000000e+01 9.461143198583980007e-01 6.397561443110666435e-01
9.400000000000000000e+01 9.534191572799547432e-01 6.469348542824103765e-01
9.500000000000000000e+01 9.597134029594264204e-01 6.531355274625283425e-01
9.600000000000000000e+01 9.505381124181305763e-01 6.441012966174557430e-01
9.700000000000000000e+01 9.383334989403913085e-01 6.321305681670972287e-01
9.800000000000000000e+01 9.400428797883934040e-01 6.338039849278251925e-01
9.900000000000000000e+01 9.424333244414131450e-01 6.361458937440217509e-01
