# N = 6, theta = 0.79, theta_k = 0.79, max_trotter_steps = 100
#  TIME || S_z impurity expectation value
0.000000000000000000e+00 -1.000000000000000000e+00
1.000000000000000000e+00 -7.476991141827963316e-01
2.000000000000000000e+00 -5.590435752430087391e-01
3.000000000000000000e+00 -4.179837342919043852e-01
4.000000000000000000e+00 -3.639404499542155946e-01
5.000000000000000000e+00 -3.529312037896772947e-01
6.000000000000000000e+00 -3.867420732730141308e-01
7.000000000000000000e+00 -4.641410940945044916e-01
8.000000000000000000e+00 -5.298924281959150884e-01
9.000000000000000000e+00 -6.118685215462396076e-01
1.000000000000000000e+01 -6.892823318325667081e-01
1.100000000000000000e+01 -6.330863772880560569e-01
1.200000000000000000e+01 -4.463484739944469371e-01
1.300000000000000000e+01 -5.409758322454315538e-01
1.400000000000000000e+01 -5.597018959749978650e-01
1.500000000000000000e+01 -5.605237264990179380e-01
1.600000000000000000e+01 -4.402201974124238526e-01
1.700000000000000000e+01 -3.791741466938616800e-01
1.800000000000000000e+01 -3.955574237324911979e-01
1.900000000000000000e+01 -4.739342240218396562e-01
2.000000000000000000e+01 -5.872559860629057438e-01
2.100000000000000000e+01 -6.812977362962900907e-01
2.200000000000000000e+01 -6.533126923751104709e-01
2.300000000000000000e+01 -6.563324845484884706e-01
2.400000000000000000e+01 -5.470670712661891422e-01
2.500000000000000000e+01 -5.470670712661891422e-01
2.600000000000000000e+01 -3.906284698027210900e-01
2.700000000000000000e+01 -2.010913762615009759e-01
2.800000000000000000e+01 -3.338873381590535816e-01
2.900000000000000000e+01 -6.090158841809805157e-01
3.000000000000000000e+01 -6.090158841809805157e-01
3.100000000000000000e+01 -7.161564162087158403e-01
3.200000000000000000e+01 -7.477061652401730818e-01
3.300000000000000000e+01 -7.436370119749307062e-01
3.400000000000000000e+01 -6.799813498953188873e-01
3.500000000000000000e+01 -5.588924884821506733e-01
3.600000000000000000e+01 -3.861862391973843733e-01
3.700000000000000000e+01 -3.861862391973843733e-01
3.800000000000000000e+01 -4.150773061891665505e-01
3.900000000000000000e+01 -6.001961939373026134e-01
4.000000000000000000e+01 -6.001961939373026134e-01
4.100000000000000000e+01 -5.832918279454375465e-01
4.200000000000000000e+01 -5.924972995524815378e-01
4.300000000000000000e+01 -6.467496569796153949e-01
4.400000000000000000e+01 -6.673296158932926492e-01
4.500000000000000000e+01 -6.157735109025374021e-01
4.600000000000000000e+01 -6.157735109025374021e-01
4.700000000000000000e+01 -4.321649247009974326e-01
4.800000000000000000e+01 -5.084946617723175022e-01
4.900000000000000000e+01 -3.906292205183615751e-01
5.000000000000000000e+01 -3.906292205183615751e-01
5.100000000000000000e+01 -3.972764793070437395e-01
5.200000000000000000e+01 -5.446517620956441430e-01
5.300000000000000000e+01 -7.556526672003055500e-01
5.400000000000000000e+01 -7.556526672003055500e-01
5.500000000000000000e+01 -4.487648783344511116e-01
5.600000000000000000e+01 -4.487648783344511116e-01
5.700000000000000000e+01 -4.487648783344511116e-01
5.800000000000000000e+01 -4.487648783344511116e-01
5.900000000000000000e+01 -4.268846621244048456e-01
6.000000000000000000e+01 -4.031095352291500511e-01
6.100000000000000000e+01 -4.031095352291500511e-01
6.200000000000000000e+01 -4.905842404110315469e-01
6.300000000000000000e+01 -3.720756521678820761e-01
6.400000000000000000e+01 -6.725693837970356803e-01
6.500000000000000000e+01 -6.846389375643507913e-01
6.600000000000000000e+01 -5.904199126285802901e-01
6.700000000000000000e+01 -5.207519269433759090e-01
6.800000000000000000e+01 -5.068546170651258009e-01
6.900000000000000000e+01 -5.068546170651258009e-01
7.000000000000000000e+01 -6.846389375643507913e-01
7.100000000000000000e+01 -4.249259448571433562e-01
7.200000000000000000e+01 -4.820385083208007515e-01
7.300000000000000000e+01 -5.452373496998932367e-01
7.400000000000000000e+01 -6.458186250657932392e-01
7.500000000000000000e+01 -6.458186250657932392e-01
7.600000000000000000e+01 -6.458186250657932392e-01
7.700000000000000000e+01 -6.407059648860590206e-01
7.800000000000000000e+01 -6.295887748647556181e-01
7.900000000000000000e+01 -5.565585592141716331e-01
8.000000000000000000e+01 -4.175104823070416304e-01
8.100000000000000000e+01 -2.118779466184632920e-01
8.200000000000000000e+01 -2.118779466184632920e-01
8.300000000000000000e+01 -4.045220899388251024e-01
8.400000000000000000e+01 -5.488141942392530392e-01
8.500000000000000000e+01 -5.488141942392530392e-01
8.600000000000000000e+01 -7.203569671340315228e-01
8.700000000000000000e+01 -7.252358414905458739e-01
8.800000000000000000e+01 -6.487487035400262281e-01
8.900000000000000000e+01 -5.237618444935268069e-01
9.000000000000000000e+01 -4.927425240214690083e-01
9.100000000000000000e+01 -3.904436417763532674e-01
9.200000000000000000e+01 -3.904436417763532674e-01
9.300000000000000000e+01 -5.313782159754857348e-01
9.400000000000000000e+01 -3.670508385528701845e-01
9.500000000000000000e+01 -5.606953361599281704e-01
9.600000000000000000e+01 -5.606953361599281704e-01
9.700000000000000000e+01 -6.356425900272580920e-01
9.800000000000000000e+01 -6.356425900272580920e-01
9.900000000000000000e+01 -6.394024802141644592e-01
