# N = 6, theta = 0.79, theta_k = 0.79, max_trotter_steps = 100
#  TIME || H(t) expectation value
0.000000000000000000e+00 0.000000000000000000e+00
1.000000000000000000e+00 -7.216300154787597138e-10
2.000000000000000000e+00 5.305436359780813010e-09
3.000000000000000000e+00 -9.330467235082171018e-02
4.000000000000000000e+00 -1.533439535836448042e-01
5.000000000000000000e+00 -6.964290174434788205e-02
6.000000000000000000e+00 -6.055104777285667123e-02
7.000000000000000000e+00 -2.248688611217843775e-02
8.000000000000000000e+00 -7.621668668575300870e-03
9.000000000000000000e+00 -1.311301380633036195e-01
1.000000000000000000e+01 -1.386594449010427887e-01
1.100000000000000000e+01 -4.672187827016582862e-02
1.200000000000000000e+01 -8.426488807873268316e-02
1.300000000000000000e+01 -2.549658176962839654e-02
1.400000000000000000e+01 -4.867881329172144000e-02
1.500000000000000000e+01 -1.570478813152219322e-01
1.600000000000000000e+01 -4.413191445982809352e-02
1.700000000000000000e+01 -8.536042482738476211e-02
1.800000000000000000e+01 -2.997527764661390148e-01
1.900000000000000000e+01 -1.321052111597550704e-01
2.000000000000000000e+01 -2.439068005243583137e-02
2.100000000000000000e+01 -5.334095415011055885e-02
2.200000000000000000e+01 3.471696661695599512e-02
2.300000000000000000e+01 6.479826299899325848e-02
2.400000000000000000e+01 -4.612072082234906084e-02
2.500000000000000000e+01 -4.014967133011469735e-02
2.600000000000000000e+01 -8.599212178279613816e-02
2.700000000000000000e+01 -1.270195954045869879e-01
2.800000000000000000e+01 -1.441527479469767274e-02
2.900000000000000000e+01 -1.441527479469767274e-02
3.000000000000000000e+01 -1.441527479469767274e-02
3.100000000000000000e+01 1.196432483880467412e-01
3.200000000000000000e+01 1.196432483880467412e-01
3.300000000000000000e+01 -1.861483841626831170e-01
3.400000000000000000e+01 -9.597389299198129387e-02
3.500000000000000000e+01 -1.090395609501863816e-01
3.600000000000000000e+01 -3.426153271821438806e-02
3.700000000000000000e+01 2.796127309941890890e-02
3.800000000000000000e+01 1.587222389830266270e-02
3.900000000000000000e+01 -4.617326822460606633e-02
4.000000000000000000e+01 1.041331012420211588e-01
4.100000000000000000e+01 1.041331012420211588e-01
4.200000000000000000e+01 7.396943789195616070e-02
4.300000000000000000e+01 -7.029927600866053578e-04
4.400000000000000000e+01 -7.029927600866053578e-04
4.500000000000000000e+01 3.775968448101366115e-01
4.600000000000000000e+01 2.211131964421782503e-01
4.700000000000000000e+01 6.733250363280082751e-02
4.800000000000000000e+01 1.890588937944044923e-01
4.900000000000000000e+01 2.787034434300179886e-02
5.000000000000000000e+01 -9.234344807679380207e-02
5.100000000000000000e+01 1.224300156685275837e-01
5.200000000000000000e+01 1.224300156685275837e-01
5.300000000000000000e+01 1.493113400770463839e-01
5.400000000000000000e+01 3.319076413535240189e-01
5.500000000000000000e+01 1.481331142846092908e-01
5.600000000000000000e+01 4.102287241712834764e-02
5.700000000000000000e+01 1.659500687329917290e-01
5.800000000000000000e+01 3.367040509276687105e-02
5.900000000000000000e+01 -9.093787004931262741e-03
6.000000000000000000e+01 -9.093787004931262741e-03
6.100000000000000000e+01 9.858585680405547447e-02
6.200000000000000000e+01 4.430392170108895383e-02
6.300000000000000000e+01 2.391736236375093527e-01
6.400000000000000000e+01 4.430392170108895383e-02
6.500000000000000000e+01 2.158776168831529323e-03
6.600000000000000000e+01 3.469344400509293824e-01
6.700000000000000000e+01 8.818909011308051493e-02
6.800000000000000000e+01 -5.373984271734198737e-02
6.900000000000000000e+01 2.218340097537091771e-01
7.000000000000000000e+01 1.972460638978097425e-01
7.100000000000000000e+01 -1.058777710218869982e-02
7.200000000000000000e+01 -6.926343939992937737e-02
7.300000000000000000e+01 -6.430024720912595748e-02
7.400000000000000000e+01 -4.945688288344238237e-02
7.500000000000000000e+01 -2.568620118451717463e-02
7.600000000000000000e+01 8.628270681271599241e-02
7.700000000000000000e+01 1.993387078590561079e-02
7.800000000000000000e+01 -6.692029923679015946e-02
7.900000000000000000e+01 -4.998909380068646685e-02
8.000000000000000000e+01 -1.123469043338485261e-02
8.100000000000000000e+01 -1.123469043338485261e-02
8.200000000000000000e+01 -2.414113140277229785e-01
8.300000000000000000e+01 -2.603704870249581860e-01
8.400000000000000000e+01 -5.909279032990093911e-02
8.500000000000000000e+01 -5.909279032990093911e-02
8.600000000000000000e+01 4.785962302842374817e-03
8.700000000000000000e+01 -2.603704870249581860e-01
8.800000000000000000e+01 -2.963259452413363748e-02
8.900000000000000000e+01 -1.994253058288477931e-01
9.000000000000000000e+01 -2.497747087909453212e-01
9.100000000000000000e+01 -2.875660267646574786e-01
9.200000000000000000e+01 -2.497747087909453212e-01
9.300000000000000000e+01 -2.497747087909453212e-01
9.400000000000000000e+01 -2.525834785281291794e-01
9.500000000000000000e+01 -2.525834785281291794e-01
9.600000000000000000e+01 -6.405355816634872301e-01
9.700000000000000000e+01 -6.405355816634872301e-01
9.800000000000000000e+01 -5.504246749772429004e-01
9.900000000000000000e+01 -2.300342771738629055e-01
