# N = 6, theta = 0.79, theta_k = 0.52, max_trotter_steps = 100
#  TIME || H(t) expectation value
0.000000000000000000e+00 0.000000000000000000e+00
1.000000000000000000e+00 -2.324048544435799630e-10
2.000000000000000000e+00 1.935176836705654276e-09
3.000000000000000000e+00 -2.959791896240485803e-02
4.000000000000000000e+00 -5.431044625885220883e-02
5.000000000000000000e+00 -3.666016630766215367e-02
6.000000000000000000e+00 -2.462071106789451291e-02
7.000000000000000000e+00 -2.230852955189193201e-02
8.000000000000000000e+00 -1.672151859442632532e-02
9.000000000000000000e+00 -7.382715711547530035e-02
1.000000000000000000e+01 -1.034224123399280215e-01
1.100000000000000000e+01 -2.800915094935198940e-02
1.200000000000000000e+01 1.371820072336482101e-02
1.300000000000000000e+01 6.501915029474883076e-03
1.400000000000000000e+01 -3.581459472077876734e-03
1.500000000000000000e+01 -6.114311310245241354e-02
1.600000000000000000e+01 -6.867211999019327828e-02
1.700000000000000000e+01 -3.586403259061585191e-02
1.800000000000000000e+01 -4.011379263316240673e-02
1.900000000000000000e+01 -3.717004271845880670e-02
2.000000000000000000e+01 -3.658550644342565411e-02
2.100000000000000000e+01 -7.066682978253309433e-02
2.200000000000000000e+01 -4.179049609987727648e-02
2.300000000000000000e+01 -7.197095615907060651e-02
2.400000000000000000e+01 -1.799033575653965489e-01
2.500000000000000000e+01 -1.140321385157901934e-01
2.600000000000000000e+01 -2.524842242658425009e-02
2.700000000000000000e+01 -3.992924052825130160e-02
2.800000000000000000e+01 1.404144398319787101e-02
2.900000000000000000e+01 4.373755715310968101e-02
3.000000000000000000e+01 -6.986957154039023787e-02
3.100000000000000000e+01 -6.986957154039023787e-02
3.200000000000000000e+01 1.486100576860230067e-04
3.300000000000000000e+01 -1.043927123514502009e-01
3.400000000000000000e+01 7.748136394015237016e-02
3.500000000000000000e+01 7.748136394015237016e-02
3.600000000000000000e+01 -4.297856607828381276e-02
3.700000000000000000e+01 -3.198856535369894172e-02
3.800000000000000000e+01 1.556578160691070647e-02
3.900000000000000000e+01 -2.187632873086079593e-02
4.000000000000000000e+01 -2.905669028865099594e-03
4.100000000000000000e+01 9.566467057882435676e-02
4.200000000000000000e+01 8.435297402388715685e-03
4.300000000000000000e+01 8.435297402388715685e-03
4.400000000000000000e+01 1.321386941265652870e-01
4.500000000000000000e+01 1.321386941265652870e-01
4.600000000000000000e+01 -9.690999055029611564e-03
4.700000000000000000e+01 -9.153403215273235929e-04
4.800000000000000000e+01 -9.690999055029611564e-03
4.900000000000000000e+01 -9.153403215273235929e-04
5.000000000000000000e+01 1.571574373246006628e-01
5.100000000000000000e+01 -1.637034935784981438e-01
5.200000000000000000e+01 -1.078035988700974390e-01
5.300000000000000000e+01 5.660371916123028285e-02
5.400000000000000000e+01 -8.573041020261340517e-02
5.500000000000000000e+01 -6.509330384626950405e-02
5.600000000000000000e+01 1.543129685865413103e-01
5.700000000000000000e+01 -1.349901028006779413e-01
5.800000000000000000e+01 -7.582581085680002719e-02
5.900000000000000000e+01 1.105994232394637844e-01
6.000000000000000000e+01 -1.846464433028815744e-01
6.100000000000000000e+01 -1.053146784051463974e-01
6.200000000000000000e+01 1.644180273450814578e-01
6.300000000000000000e+01 -2.038162479420280865e-02
6.400000000000000000e+01 -6.583971715732837848e-02
6.500000000000000000e+01 1.593790091112479990e-01
6.600000000000000000e+01 -1.384205600083238674e-01
6.700000000000000000e+01 -1.384205600083238674e-01
6.800000000000000000e+01 9.092742121517521925e-02
6.900000000000000000e+01 -9.248582215407451235e-02
7.000000000000000000e+01 -9.248582215407451235e-02
7.100000000000000000e+01 -1.220414293326708283e-01
7.200000000000000000e+01 -5.579478567898952385e-02
7.300000000000000000e+01 -1.220414293326708283e-01
7.400000000000000000e+01 -9.472850034827635934e-02
7.500000000000000000e+01 1.744196607547062738e-01
7.600000000000000000e+01 -9.472850034827635934e-02
7.700000000000000000e+01 1.124161785175008532e-01
7.800000000000000000e+01 -2.152705186792286049e-02
7.900000000000000000e+01 -1.596889036118841754e-01
8.000000000000000000e+01 1.744196607547062738e-01
8.100000000000000000e+01 -9.680668746463109986e-02
8.200000000000000000e+01 9.945774472800882060e-02
8.300000000000000000e+01 9.945774472800882060e-02
8.400000000000000000e+01 -1.667525889021314600e-01
8.500000000000000000e+01 -1.540930826923658514e-01
8.600000000000000000e+01 -2.179321256829419295e-01
8.700000000000000000e+01 -2.179321256829419295e-01
8.800000000000000000e+01 -3.057965025578841534e-01
8.900000000000000000e+01 -3.057965025578841534e-01
9.000000000000000000e+01 -1.286304886870911490e-01
9.100000000000000000e+01 -2.784151576759836821e-01
9.200000000000000000e+01 -1.738691687743407488e-01
9.300000000000000000e+01 -1.738691687743407488e-01
9.400000000000000000e+01 1.356606755430236899e-01
9.500000000000000000e+01 1.356606755430236899e-01
9.600000000000000000e+01 -4.065604622843292937e-01
9.700000000000000000e+01 -4.065604622843292937e-01
9.800000000000000000e+01 -3.234478676095856597e-01
9.900000000000000000e+01 -3.234478676095856597e-01
