# N = 6, theta = 1.07, theta_k = 0.79, max_trotter_steps = 100
#  TIME || S_z impurity expectation value
0.000000000000000000e+00 -9.999999999999998890e-01
1.000000000000000000e+00 -7.476991141827973308e-01
2.000000000000000000e+00 -5.300081732711862115e-01
3.000000000000000000e+00 -7.666226673826247451e-01
4.000000000000000000e+00 -7.584978242889902633e-01
5.000000000000000000e+00 -5.903916066121394080e-01
6.000000000000000000e+00 -7.747122426181787258e-01
7.000000000000000000e+00 -7.005694816364675948e-01
8.000000000000000000e+00 -5.985017784734761870e-01
9.000000000000000000e+00 -6.459064694445967314e-01
1.000000000000000000e+01 -6.673539806074486602e-01
1.100000000000000000e+01 -6.112549434420714300e-01
1.200000000000000000e+01 -5.245340945414508349e-01
1.300000000000000000e+01 -5.487927851943242841e-01
1.400000000000000000e+01 -5.230077225135328911e-01
1.500000000000000000e+01 -4.774284858544253218e-01
1.600000000000000000e+01 -5.433777849203461630e-01
1.700000000000000000e+01 -5.305924941844698539e-01
1.800000000000000000e+01 -4.889072759649991107e-01
1.900000000000000000e+01 -4.464501702573855924e-01
2.000000000000000000e+01 -4.194243893753219488e-01
2.100000000000000000e+01 -5.150600285642764620e-01
2.200000000000000000e+01 -5.532479359689456144e-01
2.300000000000000000e+01 -4.584046087891806009e-01
2.400000000000000000e+01 -4.726912515932256142e-01
2.500000000000000000e+01 -5.469574500965568298e-01
2.600000000000000000e+01 -4.775586445237233746e-01
2.700000000000000000e+01 -4.395313088985873251e-01
2.800000000000000000e+01 -5.470209764798518171e-01
2.900000000000000000e+01 -4.593450491976494021e-01
3.000000000000000000e+01 -4.554209633438687788e-01
3.100000000000000000e+01 -5.401561258594179682e-01
3.200000000000000000e+01 -4.634745628052154287e-01
3.300000000000000000e+01 -4.297404371370828757e-01
3.400000000000000000e+01 -4.793239900482095250e-01
3.500000000000000000e+01 -4.396336682394038631e-01
3.600000000000000000e+01 -3.547882811772135603e-01
3.700000000000000000e+01 -4.691805982725441582e-01
3.800000000000000000e+01 -4.585979527708303194e-01
3.900000000000000000e+01 -3.824639841254083295e-01
4.000000000000000000e+01 -3.662010454654572866e-01
4.100000000000000000e+01 -3.160192769325357864e-01
4.200000000000000000e+01 -2.913351808354107120e-01
4.300000000000000000e+01 -2.899022104091363849e-01
4.400000000000000000e+01 -3.670243235746344923e-01
4.500000000000000000e+01 -3.138142352578943695e-01
4.600000000000000000e+01 -2.518630635816199170e-01
4.700000000000000000e+01 -2.772449100000498601e-01
4.800000000000000000e+01 -2.640188761455207200e-01
4.900000000000000000e+01 -2.180654084684901239e-01
5.000000000000000000e+01 -2.539239702479010319e-01
5.100000000000000000e+01 -3.517624726537940116e-01
5.200000000000000000e+01 -3.513776989988534050e-01
5.300000000000000000e+01 -2.258539429795405618e-01
5.400000000000000000e+01 -2.344054666191945913e-01
5.500000000000000000e+01 -3.426119072817422895e-01
5.600000000000000000e+01 -3.501764843531541826e-01
5.700000000000000000e+01 -2.987672096738164806e-01
5.800000000000000000e+01 -3.244296192897997977e-01
5.900000000000000000e+01 -3.482119373034820997e-01
6.000000000000000000e+01 -2.922569054390528609e-01
6.100000000000000000e+01 -3.320473765150682710e-01
6.200000000000000000e+01 -3.478532525099639061e-01
6.300000000000000000e+01 -2.642643200302818851e-01
6.400000000000000000e+01 -2.529202595029966805e-01
6.500000000000000000e+01 -3.732584996128997523e-01
6.600000000000000000e+01 -3.273959551875642027e-01
6.700000000000000000e+01 -2.504328544926075484e-01
6.800000000000000000e+01 -2.537822452575388965e-01
6.900000000000000000e+01 -2.792130853579238292e-01
7.000000000000000000e+01 -2.744479561027466930e-01
7.100000000000000000e+01 -2.955571760399067771e-01
7.200000000000000000e+01 -3.338140860298827173e-01
7.300000000000000000e+01 -3.205821682602239542e-01
7.400000000000000000e+01 -2.990189541913466642e-01
7.500000000000000000e+01 -2.653451249956443880e-01
7.600000000000000000e+01 -3.359790569360826540e-01
7.700000000000000000e+01 -3.463401281717416458e-01
7.800000000000000000e+01 -3.027412779421110867e-01
7.900000000000000000e+01 -3.039036919555209160e-01
8.000000000000000000e+01 -3.368869879077773799e-01
8.100000000000000000e+01 -3.373105970992495428e-01
8.200000000000000000e+01 -3.049271554493422354e-01
8.300000000000000000e+01 -3.224681514478005551e-01
8.400000000000000000e+01 -3.082351284526268498e-01
8.500000000000000000e+01 -2.807816564728404241e-01
8.600000000000000000e+01 -3.008211301655244196e-01
8.700000000000000000e+01 -2.926553416666280438e-01
8.800000000000000000e+01 -2.871096646207693115e-01
8.900000000000000000e+01 -2.876335801319667707e-01
9.000000000000000000e+01 -3.232953679103210409e-01
9.100000000000000000e+01 -2.959823183450183692e-01
9.200000000000000000e+01 -3.075703799182179510e-01
9.300000000000000000e+01 -3.238328176063710040e-01
9.400000000000000000e+01 -3.016486541186297887e-01
9.500000000000000000e+01 -2.809807541096676631e-01
9.600000000000000000e+01 -3.106079471626208011e-01
9.700000000000000000e+01 -3.457314633733566955e-01
9.800000000000000000e+01 -3.410562771144140526e-01
9.900000000000000000e+01 -3.343941222304991912e-01
