# N = 6, theta = 1.07, theta_k = 0.79, max_trotter_steps = 100
#  TIME || H(t) expectation value
0.000000000000000000e+00 -1.426666666666666394e+01
1.000000000000000000e+00 3.919156434092200825e-01
2.000000000000000000e+00 6.152954512610328663e+00
3.000000000000000000e+00 -7.789747142577220451e+00
4.000000000000000000e+00 -6.580531308519304012e+00
5.000000000000000000e+00 4.227072276271368167e+00
6.000000000000000000e+00 -2.198672012261086717e-01
7.000000000000000000e+00 -7.645893161594039533e+00
8.000000000000000000e+00 2.700377238171609573e-01
9.000000000000000000e+00 1.620689328228875459e+00
1.000000000000000000e+01 -3.481483338761564461e+00
1.100000000000000000e+01 -2.085521422460493213e+00
1.200000000000000000e+01 5.394059527259651432e-01
1.300000000000000000e+01 -3.211890421459803746e-02
1.400000000000000000e+01 -3.508585499180298495e+00
1.500000000000000000e+01 -3.502923277116409828e+00
1.600000000000000000e+01 1.639644440600571240e+00
1.700000000000000000e+01 -2.291979809355597919e-01
1.800000000000000000e+01 -6.897507821887843171e+00
1.900000000000000000e+01 -1.575838559026325081e+00
2.000000000000000000e+01 3.747627809633385265e+00
2.100000000000000000e+01 -4.539259108489051009e+00
2.200000000000000000e+01 -6.434795043088597843e+00
2.300000000000000000e+01 3.786837288181573502e+00
2.400000000000000000e+01 6.994057069962178463e-01
2.500000000000000000e+01 -6.711535237784338470e+00
2.600000000000000000e+01 8.745321147271771789e-01
2.700000000000000000e+01 3.267579529931521343e+00
2.800000000000000000e+01 -3.803228262411554095e+00
2.900000000000000000e+01 -3.037939160529224303e+00
3.000000000000000000e+01 3.237268731772989572e+00
3.100000000000000000e+01 -1.079722232080598809e+00
3.200000000000000000e+01 -3.433374469676054197e+00
3.300000000000000000e+01 8.644596435797071710e-01
3.400000000000000000e+01 2.093013827620072986e-02
3.500000000000000000e+01 -1.996613932661943869e+00
3.600000000000000000e+01 -2.075540491448011338e+00
3.700000000000000000e+01 -6.202070781296612489e-01
3.800000000000000000e+01 -1.540884048289090646e-01
3.900000000000000000e+01 -1.977419406914805000e+00
4.000000000000000000e+01 -2.114510381154724783e+00
4.100000000000000000e+01 5.951094320188884401e-01
4.200000000000000000e+01 -2.132958523355836522e-01
4.300000000000000000e+01 -3.313310977334922303e+00
4.400000000000000000e+01 -1.335953036735192834e+00
4.500000000000000000e+01 2.175631004405254476e+00
4.600000000000000000e+01 -2.548999332678743901e+00
4.700000000000000000e+01 -2.880934412734689865e+00
4.800000000000000000e+01 2.081833678351720618e+00
4.900000000000000000e+01 -2.769665763665403180e-01
5.000000000000000000e+01 -3.058379610845634922e+00
5.100000000000000000e+01 4.027309373147644478e-01
5.200000000000000000e+01 1.232476585115980905e+00
5.300000000000000000e+01 -2.241770838765015927e+00
5.400000000000000000e+01 -9.358815016529823394e-01
5.500000000000000000e+01 1.960863533159334926e+00
5.600000000000000000e+01 -7.415362066047921363e-01
5.700000000000000000e+01 -1.999094610017579265e+00
5.800000000000000000e+01 8.829089906280379596e-01
5.900000000000000000e+01 4.780857537405860391e-01
6.000000000000000000e+01 -1.307440699897248093e+00
6.100000000000000000e+01 -1.271020097454606423e+00
6.200000000000000000e+01 9.951309882027068454e-01
6.300000000000000000e+01 1.312924740982700234e-02
6.400000000000000000e+01 -1.807105675585439553e+00
6.500000000000000000e+01 -1.273129057786663632e+00
6.600000000000000000e+01 1.115818003894749610e+00
6.700000000000000000e+01 -5.305020605617188217e-02
6.800000000000000000e+01 -2.183569614903112299e+00
6.900000000000000000e+01 4.460237182370168640e-01
7.000000000000000000e+01 1.547899465991690926e+00
7.100000000000000000e+01 -1.084552246615674065e+00
7.200000000000000000e+01 -8.633091160327952540e-01
7.300000000000000000e+01 1.295266060246964779e+00
7.400000000000000000e+01 2.960591108856190368e-01
7.500000000000000000e+01 -1.271439529241094712e+00
7.600000000000000000e+01 8.906449156358710040e-01
7.700000000000000000e+01 1.292151877655868253e+00
7.800000000000000000e+01 -1.256842437221697972e+00
7.900000000000000000e+01 -2.834192077663855724e-01
8.000000000000000000e+01 1.277536491615873571e+00
8.100000000000000000e+01 -4.250778022849156512e-01
8.200000000000000000e+01 -1.593442267429251658e+00
8.300000000000000000e+01 3.490525940365140078e-01
8.400000000000000000e+01 8.202533813439494281e-01
8.500000000000000000e+01 -1.129649518623012661e+00
8.600000000000000000e+01 -7.989297946951792184e-01
8.700000000000000000e+01 5.355978055939424332e-01
8.800000000000000000e+01 -5.403095775508304222e-01
8.900000000000000000e+01 -9.493960419307087006e-01
9.000000000000000000e+01 -2.593186852876199766e-01
9.100000000000000000e+01 4.261842189009352189e-01
9.200000000000000000e+01 -5.644237097835272943e-01
9.300000000000000000e+01 -4.073391030789537681e-01
9.400000000000000000e+01 5.482043577857939054e-01
9.500000000000000000e+01 -7.812608365858536574e-01
9.600000000000000000e+01 -7.497304085336641277e-01
9.700000000000000000e+01 4.879673254460730192e-01
9.800000000000000000e+01 8.215456793546026260e-02
9.900000000000000000e+01 -1.166399620307986718e+00
