# N = 6, theta = 0.79, theta_k = 0.53, max_trotter_steps = 20
#  TIME || Correlator function_vals
0.000000000000000000e+00 3.851859888774471706e-34 -1.232595164407830946e-32 -1.232595164407830946e-32 3.851859888774471706e-34 6.162975822039154730e-33 6.162975822039154730e-33
1.000000000000000000e+00 -5.554530547021351017e-02 -8.706936865467099218e-02 -1.724859879291762909e-03 -8.799079444954489848e-02 -6.903013170623128851e-03 -2.383151542080040045e-06
2.000000000000000000e+00 -2.731684961585430227e-02 -1.029512797846431349e-01 -4.332502839188717703e-02 -4.443968963471035122e-02 -1.071984371973122296e-01 -2.350461293981902233e-02
3.000000000000000000e+00 1.271360524366937916e-03 -1.352694442506710004e-01 -3.655430710760348978e-02 -1.031916593134695331e-01 -5.913989852160500549e-02 -5.704698229230777129e-02
4.000000000000000000e+00 -2.918848643979851665e-02 -1.730190641574834709e-01 -4.378722703061319055e-02 -4.846111368840835126e-02 -7.996033610054600893e-02 -3.946725523154049481e-02
5.000000000000000000e+00 -3.220892401673872835e-02 -1.593804560998587916e-01 -1.112309729582056095e-02 -8.088219347208829013e-02 -2.600086332503290243e-02 -2.575592452845138630e-02
6.000000000000000000e+00 -1.729134374726000456e-02 -5.016575531929799020e-02 -3.344192862453850001e-02 -3.036842091457885029e-02 -3.287750799152692333e-02 -3.949559602710287637e-02
7.000000000000000000e+00 -3.823178959229500684e-02 -5.561836813042045358e-02 -7.771503299888859323e-03 -9.757641245177492428e-02 -4.713499100145528836e-02 -2.857801533036785635e-02
8.000000000000000000e+00 -2.348824096355715124e-02 -3.716419835280809769e-02 -4.663423945120240277e-02 -4.279682119912047583e-02 -9.128622904187896903e-02 -2.386967486142323874e-02
9.000000000000000000e+00 -2.026504412397585331e-02 -7.668537873194364307e-02 -4.955089116662696191e-02 -7.423615216436424413e-02 -4.667530558806782387e-02 -4.602283665435671911e-02
1.000000000000000000e+01 -2.962461948172498416e-02 -1.456424838102862163e-01 -4.164359296103668784e-02 -5.481405421199084943e-02 -5.840198321266525106e-02 -6.117156552517372115e-02
1.100000000000000000e+01 -5.705339166892664862e-03 -1.625894333257809632e-01 -2.590056287534975993e-02 -9.063715966285539050e-02 -7.934403345334953284e-02 -7.176968089587172639e-02
1.200000000000000000e+01 -1.336119455481585283e-02 -1.498723272819840746e-01 -6.477028713945265359e-02 -1.062849305490023294e-01 -6.204812656037755197e-02 -1.039794829144986554e-01
1.300000000000000000e+01 -2.947196870795726342e-03 -1.049024783070460903e-01 -1.354964530283755964e-02 -8.418682958455539489e-02 -9.203788857579320304e-02 -7.343856953600416682e-02
1.400000000000000000e+01 -2.140924465012014610e-02 -5.572904522181937326e-02 -4.974697247696787533e-02 -3.806140726751430781e-02 -5.444042728401324305e-02 -4.484217913583868342e-02
1.500000000000000000e+01 -3.533099958758464942e-02 -4.551083821056628453e-02 -4.968540061546635606e-02 -5.496756201922116392e-02 -3.548096917676298034e-02 -4.426920771105134766e-02
1.600000000000000000e+01 -2.391711371314808598e-02 -6.867130964962059325e-02 -3.598845672327286027e-02 -5.723235891755719396e-02 -6.163529436081477408e-02 -6.434870259610608878e-02
1.700000000000000000e+01 3.563405331427044187e-03 -7.351170216141011959e-02 -3.971554102736322284e-02 -1.092318275963161528e-01 -1.142110437400961492e-01 -7.805531762215926761e-02
1.800000000000000000e+01 -1.735890027078201836e-02 -1.689429035740997453e-01 -6.459067989073921656e-02 -1.376657209130484061e-01 -5.661200178792864801e-02 -1.073628770780127861e-01
1.900000000000000000e+01 4.827743624885388884e-03 -1.688591851178209979e-01 -1.311126444499338684e-02 -5.106067392093557172e-02 -8.564931658563541828e-02 -8.041075338994757571e-02
