# N = 6, theta = 0.79, theta_k = 0.52, max_trotter_steps = 100
#  TIME || CONCURRENCE || VON NEUMANN ENTROPY
0.000000000000000000e+00 2.980232238769531250e-08 1.016423329886022151e-14
1.000000000000000000e+00 4.813015886485905170e-01 2.316808836276200989e-01
2.000000000000000000e+00 5.815229050859099802e-01 3.099591844297571730e-01
3.000000000000000000e+00 6.146242085354562956e-01 3.371945938479879445e-01
4.000000000000000000e+00 6.329542760747202124e-01 3.525470142233603221e-01
5.000000000000000000e+00 5.676484115225660654e-01 2.987373529228998237e-01
6.000000000000000000e+00 4.375587176767313236e-01 1.997062536432209490e-01
7.000000000000000000e+00 5.156254313944156342e-01 2.577400503312329283e-01
8.000000000000000000e+00 5.087352266563686110e-01 2.524435075399030226e-01
9.000000000000000000e+00 5.529448636314981957e-01 2.869744252992439959e-01
1.000000000000000000e+01 6.172637590463920798e-01 3.393937013158134230e-01
1.100000000000000000e+01 6.485964291707192464e-01 3.657952643302466722e-01
1.200000000000000000e+01 6.925371056979308104e-01 4.037069022584248712e-01
1.300000000000000000e+01 5.992838401332247766e-01 3.244930364919721422e-01
1.400000000000000000e+01 5.057785816577894389e-01 2.501806384691880880e-01
1.500000000000000000e+01 5.080064370403866159e-01 2.518851722963033057e-01
1.600000000000000000e+01 5.531825238519731958e-01 2.871634785115716459e-01
1.700000000000000000e+01 6.350953146112729986e-01 3.543524697508989574e-01
1.800000000000000000e+01 7.364337232379885023e-01 4.425524408949697008e-01
1.900000000000000000e+01 6.202914046912697543e-01 3.419210082582799792e-01
2.000000000000000000e+01 5.706403101006063405e-01 3.011473010866865807e-01
2.100000000000000000e+01 5.477553434216989592e-01 2.828552016904313238e-01
2.200000000000000000e+01 5.367695103103389265e-01 2.741919266245608777e-01
2.300000000000000000e+01 5.367695103103389265e-01 2.741919266245608777e-01
2.400000000000000000e+01 6.087358718427732240e-01 3.323031236531232002e-01
2.500000000000000000e+01 5.743456411329541655e-01 3.041395116512266017e-01
2.600000000000000000e+01 6.138942361214361210e-01 3.365871262854565615e-01
2.700000000000000000e+01 6.062901188427772814e-01 3.302772728360672261e-01
2.800000000000000000e+01 5.376039008381505724e-01 2.748471826897299075e-01
2.900000000000000000e+01 4.679844560872863379e-01 2.217954445727418067e-01
3.000000000000000000e+01 4.230818337708722177e-01 1.894476689305586992e-01
3.100000000000000000e+01 5.340964408979556044e-01 2.720957849193217370e-01
3.200000000000000000e+01 5.984880685747774320e-01 3.238378707248038002e-01
3.300000000000000000e+01 6.106063947007123183e-01 3.338548249699070380e-01
3.400000000000000000e+01 5.847856554764921944e-01 3.126150471303862366e-01
3.500000000000000000e+01 5.316934281485287128e-01 2.702153944419972698e-01
3.600000000000000000e+01 4.621776577115040974e-01 2.175257426395966753e-01
3.700000000000000000e+01 5.595322195998095882e-01 2.922276718140824903e-01
3.800000000000000000e+01 5.569943289114540619e-01 2.902005438271296756e-01
3.900000000000000000e+01 5.659543293828322996e-01 2.973752270211428850e-01
4.000000000000000000e+01 6.019526767668552658e-01 3.266930101227855654e-01
4.100000000000000000e+01 6.155670671140757166e-01 3.379796697514254045e-01
4.200000000000000000e+01 6.068325040844982921e-01 3.307262405250447346e-01
4.300000000000000000e+01 6.004760267216223690e-01 3.254752660587604818e-01
4.400000000000000000e+01 6.004760267216223690e-01 3.254752660587604818e-01
4.500000000000000000e+01 5.373872550622845745e-01 2.746770049374482880e-01
4.600000000000000000e+01 5.889317772983889698e-01 3.159991529941024169e-01
4.700000000000000000e+01 5.889317772983889698e-01 3.159991529941024169e-01
4.800000000000000000e+01 5.965426560946631707e-01 3.222377553930494409e-01
4.900000000000000000e+01 5.965426560946631707e-01 3.222377553930494409e-01
5.000000000000000000e+01 5.915172090196925136e-01 3.181145820455174578e-01
5.100000000000000000e+01 5.646857041288775303e-01 2.963563498626382575e-01
5.200000000000000000e+01 5.646857041288775303e-01 2.963563498626382575e-01
5.300000000000000000e+01 5.763019906568113138e-01 3.057227212085515955e-01
5.400000000000000000e+01 5.713934466213214103e-01 3.017548110984770160e-01
5.500000000000000000e+01 6.074763357374526329e-01 3.312594022422288287e-01
5.600000000000000000e+01 6.074763357374526329e-01 3.312594022422288287e-01
5.700000000000000000e+01 5.999675304999189107e-01 3.250562201550455943e-01
5.800000000000000000e+01 5.714480064179091601e-01 3.017988346980638448e-01
5.900000000000000000e+01 4.977650917370515793e-01 2.440777993407421964e-01
6.000000000000000000e+01 4.977650917370515793e-01 2.440777993407421964e-01
6.100000000000000000e+01 5.275045572006792360e-01 2.669466063339684947e-01
6.200000000000000000e+01 5.750424096726023393e-01 3.047031168337236973e-01
6.300000000000000000e+01 5.997509006048479252e-01 3.248777437462412321e-01
6.400000000000000000e+01 5.792796889083919876e-01 3.081369299083520641e-01
6.500000000000000000e+01 5.741728865331322540e-01 3.039998188686606206e-01
6.600000000000000000e+01 5.486250603433378004e-01 2.835443535229952849e-01
6.700000000000000000e+01 5.572414265383098808e-01 2.903977346459151176e-01
6.800000000000000000e+01 5.330421559567639633e-01 2.712703273981149632e-01
6.900000000000000000e+01 5.753925633585964539e-01 3.049864621604826409e-01
7.000000000000000000e+01 5.811627161398404962e-01 3.096663842193688176e-01
7.100000000000000000e+01 6.098273238561475740e-01 3.332082989382090243e-01
7.200000000000000000e+01 6.375186785893933727e-01 3.563990458758410362e-01
7.300000000000000000e+01 6.040642138995704347e-01 3.284365259613192256e-01
7.400000000000000000e+01 5.457721698652900910e-01 2.812855660744362774e-01
7.500000000000000000e+01 5.624836777711603730e-01 2.945901920973162391e-01
7.600000000000000000e+01 5.690045113480654004e-01 2.998289981499775436e-01
7.700000000000000000e+01 6.221678501103888870e-01 3.434899560122283146e-01
7.800000000000000000e+01 5.956194104661323152e-01 3.214791557516497589e-01
7.900000000000000000e+01 6.221678501103888870e-01 3.434899560122283146e-01
8.000000000000000000e+01 5.982415962581556501e-01 3.236350229608276896e-01
8.100000000000000000e+01 5.956194104661323152e-01 3.214791557516497589e-01
8.200000000000000000e+01 5.491047762634228002e-01 2.839246798951391981e-01
8.300000000000000000e+01 5.446994803370727167e-01 2.804376049649541236e-01
8.400000000000000000e+01 5.895238862192198059e-01 3.164832731618318906e-01
8.500000000000000000e+01 6.242228225649780748e-01 3.452104470194930497e-01
8.600000000000000000e+01 6.242228225649780748e-01 3.452104470194930497e-01
8.700000000000000000e+01 5.727682890575944707e-01 3.028647087048249587e-01
8.800000000000000000e+01 5.727682890575944707e-01 3.028647087048249587e-01
8.900000000000000000e+01 5.241891275613620449e-01 2.643676211104547535e-01
9.000000000000000000e+01 5.626313462468142124e-01 2.947085369990049553e-01
9.100000000000000000e+01 5.626313462468142124e-01 2.947085369990049553e-01
9.200000000000000000e+01 5.989172815811408812e-01 3.241911996278996067e-01
9.300000000000000000e+01 5.726831247218252541e-01 3.027959227704584144e-01
9.400000000000000000e+01 5.750527218377676775e-01 3.047114604008328009e-01
9.500000000000000000e+01 5.649764500587109994e-01 2.965897701451018498e-01
9.600000000000000000e+01 4.940824122423022047e-01 2.412881525246161618e-01
9.700000000000000000e+01 5.493394677911502821e-01 2.841108003621494738e-01
9.800000000000000000e+01 5.493394677911502821e-01 2.841108003621494738e-01
9.900000000000000000e+01 5.493394677911502821e-01 2.841108003621494738e-01
