# N = 10, theta = 0.79, theta_k = 0.52, max_trotter_steps = 100
#  TIME || S_z impurity expectation value
0.000000000000000000e+00 -1.000000000000000000e+00
1.000000000000000000e+00 -8.765550643081698734e-01
2.000000000000000000e+00 -7.683356127748625086e-01
3.000000000000000000e+00 -6.734655880733765310e-01
4.000000000000000000e+00 -5.902999083324983465e-01
5.000000000000000000e+00 -5.173960499523007073e-01
6.000000000000000000e+00 -4.625036164340711742e-01
7.000000000000000000e+00 -4.251002284357085492e-01
8.000000000000000000e+00 -4.022288040078875748e-01
9.000000000000000000e+00 -3.917423723805144031e-01
1.000000000000000000e+01 -3.507575919180331847e-01
1.100000000000000000e+01 -3.507575919180331847e-01
1.200000000000000000e+01 -3.231192617058973870e-01
1.300000000000000000e+01 -3.053435921522578700e-01
1.400000000000000000e+01 -2.946842510917994096e-01
1.500000000000000000e+01 -2.897040799335456884e-01
1.600000000000000000e+01 -3.627020382096134421e-01
1.700000000000000000e+01 -4.094796803601171709e-01
1.800000000000000000e+01 -4.365186615189088903e-01
1.900000000000000000e+01 -4.481582891277917091e-01
2.000000000000000000e+01 -4.465786080086086018e-01
2.100000000000000000e+01 -6.018241765961405143e-01
2.200000000000000000e+01 -6.018241765961405143e-01
2.300000000000000000e+01 -6.544686790582935343e-01
2.400000000000000000e+01 -6.906404569335675703e-01
2.500000000000000000e+01 -7.098321139341360331e-01
2.600000000000000000e+01 -6.931093317704654089e-01
2.700000000000000000e+01 -6.521004402344557915e-01
2.800000000000000000e+01 -5.964870958577160875e-01
2.900000000000000000e+01 -5.271534640536840177e-01
3.000000000000000000e+01 -4.367794948983597103e-01
3.100000000000000000e+01 -4.594195915706658084e-01
3.200000000000000000e+01 -4.657950820896429311e-01
3.300000000000000000e+01 -4.594195915706658084e-01
3.400000000000000000e+01 -4.594195915706658084e-01
3.500000000000000000e+01 -4.218139161729648756e-01
3.600000000000000000e+01 -3.769906132149913880e-01
3.700000000000000000e+01 -3.389917799829448297e-01
3.800000000000000000e+01 -3.090150871272747124e-01
3.900000000000000000e+01 -2.893983370152963808e-01
4.000000000000000000e+01 -2.847755186512605508e-01
4.100000000000000000e+01 -3.332375782018364152e-01
4.200000000000000000e+01 -3.963593258879545833e-01
4.300000000000000000e+01 -4.599094788509955345e-01
4.400000000000000000e+01 -5.209844124763848283e-01
4.500000000000000000e+01 -6.150993628577974270e-01
4.600000000000000000e+01 -6.150993628577974270e-01
4.700000000000000000e+01 -6.683668796653028377e-01
4.800000000000000000e+01 -6.683668796653028377e-01
4.900000000000000000e+01 -6.910605325561423040e-01
5.000000000000000000e+01 -7.104564706254236084e-01
5.100000000000000000e+01 -6.440518248336274398e-01
5.200000000000000000e+01 -6.440518248336274398e-01
5.300000000000000000e+01 -6.440518248336274398e-01
5.400000000000000000e+01 -5.692146913836024780e-01
5.500000000000000000e+01 -5.285533821545931321e-01
5.600000000000000000e+01 -5.692146913836024780e-01
5.700000000000000000e+01 -5.692146913836024780e-01
5.800000000000000000e+01 -4.696871942820243784e-01
5.900000000000000000e+01 -4.314602412316732583e-01
6.000000000000000000e+01 -4.458507645551367249e-01
6.100000000000000000e+01 -4.269999885634818138e-01
6.200000000000000000e+01 -3.895201894606308279e-01
6.300000000000000000e+01 -4.191211970093946526e-01
6.400000000000000000e+01 -3.895201894606308279e-01
6.500000000000000000e+01 -3.818900817171764217e-01
6.600000000000000000e+01 -3.818900817171764217e-01
6.700000000000000000e+01 -4.323061453171856972e-01
6.800000000000000000e+01 -3.818900817171764217e-01
6.900000000000000000e+01 -4.738466004659292463e-01
7.000000000000000000e+01 -4.738466004659292463e-01
7.100000000000000000e+01 -5.523981446678588592e-01
7.200000000000000000e+01 -5.523981446678588592e-01
7.300000000000000000e+01 -6.128873404847339224e-01
7.400000000000000000e+01 -6.406941197160234136e-01
7.500000000000000000e+01 -6.406941197160234136e-01
7.600000000000000000e+01 -6.349267547591394001e-01
7.700000000000000000e+01 -6.313755626379543573e-01
7.800000000000000000e+01 -6.313755626379543573e-01
7.900000000000000000e+01 -6.357632606985150758e-01
8.000000000000000000e+01 -5.694884473452259677e-01
8.100000000000000000e+01 -5.372142407024967925e-01
8.200000000000000000e+01 -4.901135381936738145e-01
8.300000000000000000e+01 -3.532551151637183806e-01
8.400000000000000000e+01 -4.068656976646667367e-01
8.500000000000000000e+01 -3.772638952826297687e-01
8.600000000000000000e+01 -4.068656976646667367e-01
8.700000000000000000e+01 -3.772638952826297687e-01
8.800000000000000000e+01 -3.951642849133293334e-01
8.900000000000000000e+01 -3.450307988147883198e-01
9.000000000000000000e+01 -3.951642849133293334e-01
9.100000000000000000e+01 -4.274739148705747338e-01
9.200000000000000000e+01 -4.274739148705747338e-01
9.300000000000000000e+01 -4.842729586817213772e-01
9.400000000000000000e+01 -5.745232229127584800e-01
9.500000000000000000e+01 -5.745232229127584800e-01
9.600000000000000000e+01 -5.745232229127584800e-01
9.700000000000000000e+01 -5.745232229127584800e-01
9.800000000000000000e+01 -6.175864236573108679e-01
9.900000000000000000e+01 -6.175864236573108679e-01
