# N = 10, theta = 1.07, theta_k = 0.79, max_trotter_steps = 50
#  TIME || H(t) expectation value
0.000000000000000000e+00 -2.493066769865871635e+01
1.000000000000000000e+00 -2.493066769865871635e+01
2.000000000000000000e+00 9.411193976542279183e-01
3.000000000000000000e+00 -3.638720176962399577e+00
4.000000000000000000e+00 -1.094113253292885979e+01
5.000000000000000000e+00 -2.901338695415514923e+00
6.000000000000000000e+00 -9.585251388365316316e+00
7.000000000000000000e+00 3.038949378717054728e+00
8.000000000000000000e+00 -9.399578271316260114e+00
9.000000000000000000e+00 -4.530908876087433867e+00
1.000000000000000000e+01 -6.165949923039641511e+00
1.100000000000000000e+01 -8.890947116207382095e+00
1.200000000000000000e+01 -8.890947116207382095e+00
1.300000000000000000e+01 1.850877073120281713e+00
1.400000000000000000e+01 -2.030809273550060468e+00
1.500000000000000000e+01 -2.030809273550060468e+00
1.600000000000000000e+01 -1.839397015808221569e+00
1.700000000000000000e+01 -1.297262404155028026e+00
1.800000000000000000e+01 -1.142949016597541245e+01
1.900000000000000000e+01 -2.833653263427731162e+00
2.000000000000000000e+01 -8.284025421846886061e+00
2.100000000000000000e+01 2.680831520594785911e+00
2.200000000000000000e+01 -4.880713934581593527e+00
2.300000000000000000e+01 -5.870858186879099883e+00
2.400000000000000000e+01 -1.092391654023006353e+01
2.500000000000000000e+01 3.153413511854532003e-01
2.600000000000000000e+01 -3.858834754569593350e+00
2.700000000000000000e+01 -4.320818000942574372e-02
2.800000000000000000e+01 -1.187188468549238252e+01
2.900000000000000000e+01 -1.591193329715800298e+00
3.000000000000000000e+01 -1.591193329715800298e+00
3.100000000000000000e+01 -1.402006743157395929e+00
3.200000000000000000e+01 -1.128496198339968970e+01
3.300000000000000000e+01 -6.693873853454732625e+00
3.400000000000000000e+01 -6.693873853454732625e+00
3.500000000000000000e+01 -6.693873853454732625e+00
3.600000000000000000e+01 -3.664512025776249349e+00
3.700000000000000000e+01 -3.664512025776249349e+00
3.800000000000000000e+01 -9.741772183439167065e+00
3.900000000000000000e+01 -9.741772183439167065e+00
4.000000000000000000e+01 -1.303325243097171615e+01
4.100000000000000000e+01 -9.741772183439167065e+00
4.200000000000000000e+01 -2.509341450287010389e+00
4.300000000000000000e+01 -5.571425622839657477e-01
4.400000000000000000e+01 -5.571425622839657477e-01
4.500000000000000000e+01 -1.303325243097171615e+01
4.600000000000000000e+01 -1.303325243097171615e+01
4.700000000000000000e+01 -2.764566647795056120e+00
4.800000000000000000e+01 2.973940319446200409e+00
4.900000000000000000e+01 -6.117864285705939764e+00
