# N = 6, theta = 0.79, theta_k = 0.79, max_trotter_steps = 100
#  TIME || S_z impurity expectation value
0.000000000000000000e+00 -9.999999999999994449e-01
1.000000000000000000e+00 -7.476991141827978860e-01
2.000000000000000000e+00 -6.209682981812341129e-01
3.000000000000000000e+00 -5.580522492418901193e-01
4.000000000000000000e+00 -5.145959862869353696e-01
5.000000000000000000e+00 -5.521509922627462208e-01
6.000000000000000000e+00 -6.287880047597734778e-01
7.000000000000000000e+00 -7.090332578940856667e-01
8.000000000000000000e+00 -7.714107002801288138e-01
9.000000000000000000e+00 -7.232535694513860802e-01
1.000000000000000000e+01 -6.310495893453366145e-01
1.100000000000000000e+01 -5.059976899363997083e-01
1.200000000000000000e+01 -3.484896369327300514e-01
1.300000000000000000e+01 -5.871632206978814050e-01
1.400000000000000000e+01 -6.609183042855205636e-01
1.500000000000000000e+01 -6.979739694317352861e-01
1.600000000000000000e+01 -7.403924831913826221e-01
1.700000000000000000e+01 -7.294997204642288402e-01
1.800000000000000000e+01 -6.652081668741017806e-01
1.900000000000000000e+01 -5.813088191201651878e-01
2.000000000000000000e+01 -5.235519654372019493e-01
2.100000000000000000e+01 -5.659780456907506085e-01
2.200000000000000000e+01 -6.569282885842506747e-01
2.300000000000000000e+01 -7.231401148520749667e-01
2.400000000000000000e+01 -7.855139547034583059e-01
2.500000000000000000e+01 -6.710908277752579698e-01
2.600000000000000000e+01 -6.469996565292909230e-01
2.700000000000000000e+01 -6.068362676957248514e-01
2.800000000000000000e+01 -5.676392753983846573e-01
2.900000000000000000e+01 -5.587811196981248285e-01
3.000000000000000000e+01 -5.880579790559006259e-01
3.100000000000000000e+01 -6.847265604183447874e-01
3.200000000000000000e+01 -6.932285251926942893e-01
3.300000000000000000e+01 -6.891134016741186086e-01
3.400000000000000000e+01 -6.572907218974749499e-01
3.500000000000000000e+01 -6.271911905751841321e-01
3.600000000000000000e+01 -5.634964856187514304e-01
3.700000000000000000e+01 -5.818423504642401545e-01
3.800000000000000000e+01 -5.659281695958614522e-01
3.900000000000000000e+01 -6.548505792812465698e-01
4.000000000000000000e+01 -7.059872570244537515e-01
4.100000000000000000e+01 -6.969862360027792025e-01
4.200000000000000000e+01 -6.969862360027792025e-01
4.300000000000000000e+01 -6.183677633654689476e-01
4.400000000000000000e+01 -5.910018826349073828e-01
4.500000000000000000e+01 -5.910018826349073828e-01
4.600000000000000000e+01 -5.720622669438787389e-01
4.700000000000000000e+01 -5.987900574262019493e-01
4.800000000000000000e+01 -7.517819352098162877e-01
4.900000000000000000e+01 -7.601079403282954283e-01
5.000000000000000000e+01 -7.601079403282954283e-01
5.100000000000000000e+01 -5.678474929853752906e-01
5.200000000000000000e+01 -5.678474929853752906e-01
5.300000000000000000e+01 -5.678474929853752906e-01
5.400000000000000000e+01 -5.678474929853752906e-01
5.500000000000000000e+01 -6.027457584667905710e-01
5.600000000000000000e+01 -6.844962989137420850e-01
5.700000000000000000e+01 -7.239557879815748942e-01
5.800000000000000000e+01 -7.239557879815748942e-01
5.900000000000000000e+01 -6.432353728705565432e-01
6.000000000000000000e+01 -6.132801751583726313e-01
6.100000000000000000e+01 -5.038726858391344710e-01
6.200000000000000000e+01 -6.132801751583726313e-01
6.300000000000000000e+01 -6.978700803665514041e-01
6.400000000000000000e+01 -7.371941695765277247e-01
6.500000000000000000e+01 -7.027046143162657410e-01
6.600000000000000000e+01 -6.697512675543404459e-01
6.700000000000000000e+01 -6.131791457451122307e-01
6.800000000000000000e+01 -6.194400191102730213e-01
6.900000000000000000e+01 -6.183266704517155210e-01
7.000000000000000000e+01 -6.243768631237226474e-01
7.100000000000000000e+01 -7.318475098903030052e-01
7.200000000000000000e+01 -8.838368270316427910e-01
7.300000000000000000e+01 -7.318475098903030052e-01
7.400000000000000000e+01 -8.838368270316427910e-01
7.500000000000000000e+01 -5.975237209581000242e-01
7.600000000000000000e+01 -5.878487769773113047e-01
7.700000000000000000e+01 -6.454069093529596346e-01
7.800000000000000000e+01 -7.063598343824778469e-01
7.900000000000000000e+01 -7.136386302082130539e-01
8.000000000000000000e+01 -7.063598343824778469e-01
8.100000000000000000e+01 -7.063598343824778469e-01
8.200000000000000000e+01 -6.618530665002104740e-01
8.300000000000000000e+01 -6.394971301916745343e-01
8.400000000000000000e+01 -6.394971301916745343e-01
8.500000000000000000e+01 -6.394971301916745343e-01
8.600000000000000000e+01 -7.205886600110722462e-01
8.700000000000000000e+01 -7.255199241211808259e-01
8.800000000000000000e+01 -7.255199241211808259e-01
8.900000000000000000e+01 -6.936631886234849720e-01
9.000000000000000000e+01 -6.496103198705588389e-01
9.100000000000000000e+01 -6.567526513277008871e-01
9.200000000000000000e+01 -6.551672147036854410e-01
9.300000000000000000e+01 -6.773347686478590202e-01
9.400000000000000000e+01 -7.030058041546463077e-01
9.500000000000000000e+01 -7.259726805685224882e-01
9.600000000000000000e+01 -6.759102081139043428e-01
9.700000000000000000e+01 -6.961453790239718886e-01
9.800000000000000000e+01 -6.759102081139043428e-01
9.900000000000000000e+01 -6.668871202060016046e-01
